Feature	Gain	Cover	Frequency
ctrx_quarter	0.0748771311758399	0.00446056321044892	0.00165468986384266
ctrx_quarter_normalizado	0.0636202570632594	0.00380974691984394	0.00147346192637418
vm_status05_delta2	0.0477361321788098	0.00280541986196107	0.000575201714573878
cdescubierto_preacordado	0.0249577801156956	0.00444084446256402	0.00335665658093797
Visa_delinquency	0.0195799635411568	0.00374415801836028	0.00248597453353505
ctarjeta_visa_transacciones	0.0189018034985321	0.00516740876113376	0.00146952218860313
vm_status06_tend12	0.0153881244939306	0.00255920708273364	0.000468828794755421
ctrx_quarter_lag2	0.013597248529376	0.00312585884428137	0.0044322049924357
cpayroll_trx_lag1	0.010264358846778	0.00196420989229879	0.000319118759455371
Visa_Finiciomora_tend12	0.0101185663067129	0.00728540886510855	0.00231656580937973
cdescubierto_preacordado_lag1	0.0101070579130107	0.0032820594998262	0.00250173348461926
vmr_msaldototal	0.0079811878020623	0.0019372351829173	0.00270266011094302
vmr_mpagospesos	0.00785246642523341	0.00246855162714764	0.00259628719112456
ctrx_quarter_lag1	0.0077572605544568	0.00145779056836293	0.00149316061522945
cpayroll_trx_lag2	0.00761682697330971	0.00303186903466984	0.000563382501260716
cdescubierto_preacordado_tend12	0.00745226320861919	0.00601303004329716	0.00114252395360565
ccomisiones_mantenimiento_tend12	0.00732259897643993	0.00677812985056171	0.00274599722642461
ctrx_quarter_delta2	0.0069702775069852	0.00550080494595878	0.0062720625315179
ctrx_quarter_delta1	0.00683375291977486	0.00329190926563198	0.00204866364094806
ctrx_quarter_normalizado_lag1	0.006815684302323	0.00175446561196083	0.00154437720625315
vm_status01	0.0065814464040962	0.00256725140734064	0.00117798159354513
ctrx_quarter_normalizado_lag2	0.0065812578641129	0.00279169636406628	0.00437704866364095
thomebanking	0.00601194849281996	0.00322999668518851	0.0114922150781644
cproductos_delta2	0.00594634952834403	0.00236944566039426	0.000437310892586989
thomebanking_lag2	0.0058634750561082	0.00370524485823786	0.0131075075642965
cpayroll_trx_lag3	0.00581974398807006	0.0033958354589179	0.000807646243066062
Visa_cconsumos_tend12	0.0055402536596903	0.00473081443183015	0.0104915216843167
ctransferencias_recibidas_tend12	0.00552631600378942	0.00655612511259723	0.0114488779626828
active_quarter	0.00528076023518618	0.00137605208348242	0.00155619641956631
cmobile_app_trx_tend12	0.00473418913448559	0.00797177567462957	0.0103969679778114
ctrx_quarter_normalizado_delta3	0.00469958224527958	0.00367694465991237	0.00635479702471003
ctarjeta_debito_transacciones	0.0044347894419824	0.0027051892886393	0.000720972012102874
ctrx_quarter_delta3	0.00441258266232545	0.00287697847438769	0.00637843545133636
cliente_edad_lag3	0.00440941838873107	0.0047493600365595	0.00769036812909733
cmobile_app_trx_delta2	0.00437434007479148	0.00433836742423919	0.00988480206757438
cprestamos_personales_tend12	0.00437229627644579	0.00361190883583544	0.00108736762481089
ctrx_quarter_normalizado_delta1	0.00434701330604754	0.00316862637558085	0.00207230206757438
ctarjeta_debito_transacciones_lag1	0.00425308244753794	0.0020158911089409	0.0007958270297529
Master_status	0.00400891501867458	0.00228519397623925	0.0011464636913767
Master_fechaalta	0.00388998039181289	0.00321671687658108	0.00780462052445789
cpayroll_trx_tend12	0.00388388815700308	0.00557389955850436	0.00172166540595058
Master_Fvencimiento_lag3	0.00381510257775782	0.00332264085976303	0.00870288073625819
foto_mes	0.00380946807152663	0.00231089406814441	0.00251749243570348
Master_Fvencimiento	0.00380291124410057	0.00409119843911827	0.00842315935451337
Master_fechaalta_lag3	0.00377645208185749	0.00347322866915705	0.00834830433686334
chomebanking_transacciones_lag3	0.00373900587210963	0.00373431000888056	0.00892744578920827
Master_Fvencimiento_lag2	0.00369408739594098	0.00337295982858989	0.00807252269288956
internet_tend12	0.00366370369110889	0.00476770779632418	0.00403429147755925
Master_fechaalta_lag2	0.00361357429070919	0.00296219624118744	0.00755247730711044
chomebanking_transacciones_lag2	0.00360419063600968	0.00390168536128337	0.00853347201210288
vmr_mpagominimo	0.00357501350919699	0.00292793459698278	0.00435734997478568
Master_fechaalta_lag1	0.0035594092237337	0.0034093726002867	0.00767460917801311
Master_Fvencimiento_lag1	0.00355473728552722	0.00317076374174178	0.00798584846192637
Visa_Fvencimiento_tend12	0.00353707097338717	0.00287756587247185	0.00366001638930913
Master_fultimo_cierre_tend12	0.00352860523888915	0.00294576050061922	0.00719396116994453
ctrx_quarter_normalizado_tend12	0.00351846219555073	0.00435357970807599	0.00440462682803833
Visa_Fvencimiento	0.00343598135037351	0.00452457716270047	0.00715850353000504
ccomisiones_otras_tend12	0.00343512057357108	0.00434936057897085	0.00617356908724155
vm_Fvencimiento	0.00342495131984731	0.00410223271254232	0.0061696293494705
Visa_Fvencimiento_lag3	0.00341849038119532	0.00296015824175603	0.00699303454362078
cprestamos_personales_delta3	0.00336885818258369	0.00437480052799295	0.000622478567826525
cliente_antiguedad_lag3	0.00332700228059117	0.00346846412849184	0.00616568961169945
Visa_fultimo_cierre_lag1	0.00332049393641637	0.00110631189099584	0.00191865229450328
vm_Fvencimiento_lag3	0.00317783489930617	0.0032538399065354	0.00678816817952597
chomebanking_transacciones_lag1	0.00317260731945705	0.00369959031484019	0.00638237518910741
Master_cconsumos_tend12	0.0031534088992425	0.00489613829208491	0.0071112266767524
chomebanking_transacciones_delta3	0.00314969994614367	0.00400419213317521	0.0082064737771054
Master_Finiciomora_tend12	0.00312897066481869	0.00481410563292115	0.000847043620776601
Visa_Fvencimiento_lag1	0.00312152193070141	0.00301079717186519	0.00588990796772567
cmobile_app_trx_lag1	0.00310646581414582	0.00419869619376073	0.00714274457892083
ctrx_quarter_tend12	0.00310222783873381	0.00367779775913498	0.00416036308623298
vmr_Master_mlimitecompra_tend12	0.00306025647728639	0.00453437872252165	0.00591748613212305
vmr_mpagominimo_delta2	0.00303780491406975	0.00232477272194936	0.00299420070600101
vmr_msaldototal_delta3	0.00302106302100702	0.00197519562913568	0.00376638930912758
chomebanking_transacciones_delta2	0.00296234732119237	0.0043049820627611	0.00738700832072617
Visa_Fvencimiento_lag2	0.00294129203227545	0.00262881640052607	0.00629964069591528
cprestamos_personales	0.00293152187776831	0.00386469170024015	0.000374275088250126
ctrx_quarter_normalizado_lag3	0.00290965939694588	0.00285227417803163	0.00524379097327282
Visa_cconsumos_lag3	0.002905595278888	0.00291538992447489	0.00634297781139687
Visa_fechaalta	0.00289144476214544	0.002639187299267	0.00525561018658598
chomebanking_transacciones	0.00283656670706003	0.00433101153812128	0.00592930534543621
Master_Finiciomora_lag1	0.00281779433789884	0.0032627829948425	0.000520045385779123
vm_status04	0.00279470012492636	0.00037307652883187	0.000583081190115986
cliente_edad_lag2	0.00277056466255113	0.0036672024225866	0.00439280761472516
ccomisiones_mantenimiento_delta3	0.00275042650253088	0.00485863391208692	0.000953416540595058
Visa_fultimo_cierre_tend12	0.00274984334216884	0.00224691046933965	0.00493255168935956
vmr_mpagominimo_tend12	0.00274557814949333	0.00369136409684164	0.00410520675743823
cmobile_app_trx	0.00273440803291279	0.00346786540727029	0.00605143721633888
cpayroll_trx	0.00273381952428336	0.00374477822874771	0.000287600857286939
cproductos_tend12	0.00269600036009319	0.00403987894299329	0.00186349596570852
vm_Fvencimiento_lag2	0.00268718671153364	0.00270682058494385	0.00548017523953606
chomebanking_transacciones_delta1	0.0026570137728976	0.00383822492035439	0.00557866868381241
Visa_fechaalta_lag2	0.00265444775488895	0.00241950039513149	0.00505468356026223
vmr_Master_mlimitecompra	0.00264857472844864	0.00377204138885576	0.00545259707513868
ctarjeta_visa_debitos_automaticos_tend12	0.0026362192638144	0.00449201119964735	0.00227716843166919
Master_Fvencimiento_tend12	0.00262340745771942	0.00255317842122314	0.00582293242561775
Visa_fechaalta_lag3	0.00261759685772357	0.00262114569812808	0.00561806606152295
Visa_cconsumos	0.00260025148313603	0.00210099287557024	0.00545259707513868
Visa_fechaalta_lag1	0.00259965604239982	0.00224126235202908	0.00473556480080686
Master_cadelantosefectivo_tend12	0.00259284621073592	0.00185986255268702	0.00784401790216843
vmr_msaldopesos2_lag3	0.00257604194291111	0.00250613601296319	0.00524379097327282
vm_Fvencimiento_lag1	0.00256239695997434	0.00218708297852858	0.00505468356026223
vmr_Master_mlimitecompra_lag1	0.00254926358563732	0.00278490913500036	0.00531864599092284
vmr_Master_mlimitecompra_lag3	0.00253831484102576	0.0026079201909898	0.00534622415532022
ccomisiones_otras_delta3	0.00253794139642451	0.00368820601596428	0.00679998739283913
vmr_mpagospesos_delta3	0.00252998053908025	0.00401983796093356	0.00444402420574887
ctarjeta_visa_transacciones_delta2	0.00252420759058993	0.00276225040060907	0.00175712304589007
vmr_msaldopesos2_tend12	0.00251781947155923	0.00346415176946705	0.00457403555219365
vm_fechaalta_lag1	0.00249810010124988	0.00253920500846174	0.00471192637418054
ctrx_quarter_lag3	0.00249528117115188	0.00272806797704092	0.0052280320221886
vmr_mpagominimo_lag3	0.00248933363897262	0.00267137687131475	0.00509014120020172
ctarjeta_visa_transacciones_delta3	0.00246982065017649	0.00311517577408078	0.00258052824004034
vm_fechaalta_lag3	0.00245129087658336	0.00221612329265456	0.0050231656580938
vm_fultimo_cierre_tend12	0.00242662177791765	0.00195154789721028	0.00424309757942511
Visa_cconsumos_lag2	0.00242618665250289	0.00217849658971236	0.00534622415532022
vmr_msaldopesos	0.00242509409624509	0.00191306586347825	0.00260416666666667
ccomisiones_otras_lag2	0.002406624292756	0.00395360219423172	0.00481829929399899
ccomisiones_otras_delta2	0.00240565304741135	0.002134626994806	0.00591748613212305
vm_fechaalta_lag2	0.00238753729379868	0.00193218016658491	0.00437310892586989
numero_de_cliente	0.00238596850322597	0.00450144988184246	0.00436522945032779
cliente_edad_lag1	0.00235799058958533	0.00395640442278725	0.00369547402924861
vm_fechaalta	0.0023566706055276	0.00295228186324541	0.00465677004538578
cproductos_delta1	0.00232612843590639	0.00231006814031903	0.000366395612708018
vmr_msaldopesos2_delta3	0.00231658305531811	0.00301767610181396	0.00487345562279375
ctarjeta_visa_transacciones_tend12	0.00229917525240416	0.00429256306054827	0.00275781643973777
vmr_mpagospesos_tend12	0.00228349852069598	0.00528479169738038	0.00336453605648008
ccuenta_debitos_automaticos_tend12	0.00226960442420486	0.00364272324590575	0.00131193267776097
vmr_mpagominimo_lag1	0.00226816586642001	0.00187477619910612	0.00359698058497226
vmr_mpagominimo_delta3	0.00224777872318089	0.0023000902040364	0.00417218229954614
vmr_mpagospesos_lag1	0.00218279764975694	0.00186046267896942	0.00204866364094806
ccomisiones_otras_delta1	0.0021792763773047	0.00402298711554202	0.00480648008068583
cprestamos_personales_delta2	0.00217545726284071	0.00230920948284102	0.000326998234997479
vmr_mpagominimo_lag2	0.00217454585928443	0.00196886948731641	0.00357728189611699
ccomisiones_otras_lag3	0.00217366972892342	0.00244871592861	0.00490497352496218
Visa_delinquency_tend12	0.0021498806508186	0.00390595288233705	0.00185167675239536
cproductos_lag3	0.00213403950267842	0.00188326766366461	0.00181227937468482
cliente_antiguedad_lag2	0.00213235552722263	0.00285363714903996	0.0037821482602118
vmr_mconsumospesos_lag3	0.00212689069402924	0.00260136186286577	0.00445978315683308
Visa_cconsumos_lag1	0.00212528308335112	0.00248351480196155	0.00455827660110943
vmr_Visa_mlimitecompra_lag3	0.0020908886032709	0.00230435693990902	0.0045779752899647
cprestamos_personales_delta1	0.00205697726977063	0.00316915775719511	0.000326998234997479
ccomisiones_otras_lag1	0.00204307032360468	0.00266733577168382	0.00328968103883006
Visa_cconsumos_delta2	0.00203174101210366	0.00182116101952316	0.00401853252647504
Master_fechaalta_tend12	0.0020315897585442	0.00177103718885257	0.00451887922339889
vmr_mpagospesos_lag3	0.0020113208922567	0.00288874133384823	0.00422339889056984
cprestamos_personales_lag3	0.00200412648340132	0.00298838928216019	0.000917958900655572
vm_Fvencimiento_tend12	0.00199230029022297	0.00234239763989688	0.00386488275340393
vmr_Visa_mlimitecompra	0.00199130703165776	0.00174405915278291	0.00399489409984871
ctransferencias_recibidas_lag3	0.00193161728288805	0.00152529299741719	0.00419582072617247
tcallcenter	0.00193006731082336	0.00260772168482002	0.00218655446293495
ccajas_transacciones	0.00193002510571492	0.00259041571568447	0.00345515002521432
chomebanking_transacciones_tend12	0.0019177573308104	0.00449582914255572	0.00332513867876954
Visa_cconsumos_delta3	0.00188989417681898	0.00193995967854781	0.00434159102370146
vmr_msaldototal_lag3	0.00188961116291786	0.00174858838708177	0.00383730458900656
vmr_msaldototal_tend12	0.00188330433613184	0.00262553322790812	0.00333301815431165
ctarjeta_visa_transacciones_lag1	0.00186409720885928	0.00340318710919062	0.00112676500252143
cliente_edad	0.00186167775689983	0.00238696588064612	0.00300208018154312
vmr_Visa_mlimitecompra_lag1	0.00185912769703003	0.00174237710898664	0.00361667927382753
vmr_mpagominimo_delta1	0.00183579039253938	0.00224135394959863	0.0024899142713061
internet	0.00183452278056368	0.00160640623022136	0.000185167675239536
cpayroll_trx_delta3	0.00182623319851341	0.00326811305183545	0.000720972012102874
vmr_msaldopesos_tend12	0.00179494144102577	0.00232643792567814	0.00317936838124054
ccomisiones_otras	0.00178554314763604	0.00248415943561251	0.00299420070600101
ctarjeta_visa_transacciones_lag3	0.00178485760205681	0.00271539486544161	0.00379396747352496
active_quarter_lag1	0.00178302051025679	0.000974856609174157	0.00127647503782148
vmr_msaldopesos_delta3	0.00177920600039194	0.00176224925645563	0.00355364346949067
vmr_Visa_mlimitecompra_tend12	0.00177075708156302	0.00387575074819293	0.00328968103883006
vm_status02_delta2	0.0017537458619923	0.00114060297949028	0.000811585980837116
vmr_msaldototal_delta2	0.00174141097428404	0.0016015833588684	0.00248597453353505
Master_fultimo_cierre_lag2	0.00172742230965018	0.00242071833493282	0.00354970373171962
vmr_msaldopesos_lag3	0.00172660728330312	0.00173025124792407	0.00372699193141705
cliente_antiguedad_lag1	0.00171953952520413	0.0028102867241161	0.0030808749369642
vmr_Visa_mlimitecompra_lag2	0.00171255631230899	0.00175236021093415	0.00343545133635905
ccaja_ahorro	0.00171147265381411	0.00527053103232667	0.000413672465960666
vm_fechaalta_tend12	0.00169703525166807	0.0030008771116918	0.00263962430660615
Master_fultimo_cierre_lag1	0.00169378751225472	0.00257499438772156	0.00358910110943016
Visa_cconsumos_delta1	0.00168200387994139	0.00225948890463316	0.00364819717599597
tcallcenter_delta3	0.0016719087413307	0.00136808480993268	0.00178470121028744
Master_fultimo_cierre_lag3	0.00166710860661763	0.00179803096986877	0.00378608799798285
vmr_msaldototal_lag1	0.00164621909588989	0.00230405156646433	0.00242687846696924
ctarjeta_visa_transacciones_lag2	0.00163075355302644	0.00207040858553874	0.00319512733232476
Master_fultimo_cierre	0.00161463829791227	0.00156134528835644	0.00361273953605648
ccaja_seguridad_lag3	0.00158609466326901	0.000784785308930311	0.000267902168431669
vmr_msaldopesos2_lag2	0.00157836375886777	0.00228901142324379	0.00322270549672214
Master_cconsumos_lag3	0.0015782347585346	0.00222476340438547	0.00377426878466969
ctarjeta_debito_transacciones_tend12	0.00157744321077199	0.00492471125817841	0.00240324004034292
vmr_msaldopesos_lag1	0.00157695300332954	0.00174459884078628	0.00243081820474029
cliente_antiguedad	0.0015744858333036	0.00199466359432227	0.00281297276853253
ctransferencias_recibidas_delta3	0.00156962508712795	0.00176440443382904	0.00374275088250126
cextraccion_autoservicio	0.00155387733054794	0.00293537238988293	0.000260022692889561
vmr_msaldopesos_lag2	0.00155193545300732	0.0015741974832256	0.00247021558245083
vm_cconsumos_tend12	0.00155006169160072	0.00213523561344146	0.00218261472516389
ctransferencias_recibidas_lag2	0.00152252061760702	0.00151854533734421	0.00297844175491679
vmr_mconsumospesos	0.00151717486644397	0.00239711527567725	0.00223383131618759
ccajas_consultas_tend12	0.00150879973907675	0.00459526587716231	0.00200926626323752
ccaja_ahorro_lag3	0.00148745104037746	0.000829785109985783	0.000496406959152799
vm_status04_delta1	0.00148651707073739	0.00115252066425842	0.000185167675239536
vmr_mconsumospesos_delta3	0.00148226035500191	0.00235994972196969	0.00315966969238528
vmr_mconsumosdolares_lag3	0.00147959867545834	0.00155831236120764	0.00331725920322743
vmr_mconsumospesos_delta2	0.00147608456830809	0.00294061599430855	0.00222595184064549
ctarjeta_visa_debitos_automaticos_delta3	0.00147293253371683	0.00135014364998157	0.00297844175491679
Visa_fultimo_cierre_lag2	0.00145760876301803	0.00147115821393589	0.00209594049420071
cpagomiscuentas_tend12	0.0014495489911591	0.00381773671569253	0.00152861825516894
ctarjeta_debito_transacciones_lag3	0.00144397729841566	0.00273653768381897	0.00283661119515885
cproductos_delta3	0.00144372936961302	0.00185112619428818	0.000847043620776601
Master_cconsumos_lag2	0.00143949281168079	0.00184107314923827	0.00342757186081694
ctransferencias_recibidas	0.00143641816884575	0.00294214387400232	0.00237960161371659
vmr_mpagospesos_delta2	0.00143347225748392	0.00266161591361948	0.00287994831064044
vmr_mconsumospesos_tend12	0.00142639626643234	0.00413377967587974	0.00266720247100353
vmr_msaldopesos2_delta2	0.0014213636080235	0.00243212767695204	0.00312815179021684
ctransferencias_recibidas_lag1	0.00140182659208852	0.0015052477588496	0.00251749243570348
Visa_cadelantosefectivo_tend12	0.00139773575553263	0.00291519590210222	0.00312421205244579
vmr_msaldototal_lag2	0.00139164874188071	0.00172343885173888	0.00262386535552194
ccajas_transacciones_delta3	0.0013885497925714	0.00205627631825114	0.00264356404437721
vmr_msaldopesos2_lag1	0.00136745149154252	0.00168603319792797	0.00262386535552194
ctransferencias_emitidas_tend12	0.00135137064963803	0.00384515678803679	0.00215503656076652
vm_fultimo_cierre	0.0013251809931721	0.0028713723022759	0.0027381177508825
ccomisiones_mantenimiento_lag3	0.00131168567921432	0.00155850357345861	0.0011898008068583
ccajas_transacciones_tend12	0.0013106597524048	0.00314573132235292	0.00231656580937973
thomebanking_tend12	0.0013091124002811	0.0041420174649676	0.00219443393847706
ctarjeta_debito_transacciones_lag2	0.00130014927215614	0.00197783445737991	0.00217867498739284
ctarjeta_visa_debitos_automaticos_lag3	0.00129588369295076	0.00183019268865151	0.00254901033787191
vmr_msaldopesos_delta2	0.00128732735208943	0.00185826129988938	0.00266326273323248
vmr_mconsumospesos_lag2	0.00128680928154404	0.0020120081406431	0.00262780509329299
ccaja_ahorro_lag2	0.00127557205332404	0.00193439322006756	0.000476708270297529
vm_fultimo_cierre_lag2	0.00127324871400609	0.00172044902689779	0.00255295007564297
vm_status01_lag1	0.00126102577762106	0.00232179744362055	0.000610659354513364
active_quarter_lag2	0.00124763292181025	0.00218752422962212	0.0022850479072113
Master_cconsumos_lag1	0.00124125203076102	0.00157225432540128	0.00317936838124054
ccallcenter_transacciones_tend12	0.00123345930310061	0.00280274307641134	0.00189895360564801
cextraccion_autoservicio_tend12	0.00123292585444649	0.00271120807339857	0.00206048285426122
Visa_fultimo_cierre	0.00121991326935364	0.00145151930656728	0.00224565052950076
tcallcenter_tend12	0.00121807874799386	0.00374133355678314	0.00205260337871911
Master_cconsumos	0.00120224141174083	0.00133098663715773	0.00291540595057993
tcallcenter_lag3	0.00119732531913651	0.0012992124672165	0.00245839636913767
vm_fultimo_cierre_lag1	0.00119311618113739	0.00176848826383981	0.0023874810892587
vmr_mconsumosdolares_tend12	0.00116948461368823	0.00409570690744434	0.00196198940998487
Visa_fultimo_cierre_lag3	0.00116783814698943	0.00125088934599567	0.00237566187594554
ccajas_depositos_tend12	0.00115725797511202	0.0058709916158962	0.00158377458396369
ctransferencias_recibidas_delta2	0.00112229126412014	0.00225361659746706	0.00250961296016137
Master_cconsumos_delta1	0.00111255411977754	0.00173480093825584	0.00254901033787191
ccomisiones_mantenimiento_delta1	0.00110591936828808	0.00450593890660594	0.000464889056984367
ccomisiones_mantenimiento_delta2	0.00109261756336861	0.0030085147538346	0.000425491679273828
tcallcenter_delta2	0.00108146645135075	0.00160815381597355	0.00162317196167423
ctarjeta_debito_transacciones_delta2	0.00105118581711727	0.00281085304628756	0.00141042612203732
vmr_msaldopesos2	0.0010417526334183	0.00106997338089726	0.00199744704992436
ctarjeta_visa_debitos_automaticos_lag2	0.00104141760859926	0.00174267115929392	0.00200138678769541
ctarjeta_visa_debitos_automaticos_lag1	0.00104064988493584	0.0016970945187733	0.00190683308119012
ccaja_seguridad_lag2	0.00103995432350786	0.000684912654196333	0.000141830559757943
cprestamos_personales_lag2	0.00103723470808561	0.00308106775674947	0.000563382501260716
ctarjeta_visa_debitos_automaticos_delta2	0.00102439290587701	0.000905233075471994	0.00189501386787695
vm_cconsumos_lag3	0.00101053048159608	0.00180102608435069	0.0019422907211296
vm_status01_tend12	0.00100368256918689	0.003907581120568	0.00120555975794251
Master_cconsumos_delta2	0.000992259770874576	0.00144727494835489	0.00232050554715078
vmr_msaldopesos_delta1	0.000991848077104714	0.00146149639568088	0.00193835098335855
vmr_mconsumospesos_lag1	0.000990940148047148	0.00134760642003408	0.00206836232980333
vmr_msaldopesos2_delta1	0.000988578056584474	0.00205051672589259	0.00231656580937973
cliente_edad_tend12	0.000982969337009357	0.00225508686966615	0.00180833963691377
catm_trx_tend12	0.000978237391447144	0.0026363718466094	0.00171378593040847
Master_cconsumos_delta3	0.000970505883407288	0.00160988522286336	0.00230474659606657
ctarjeta_master_transacciones_tend12	0.000952841581800332	0.00277756310497102	0.00113070474029249
ctarjeta_debito_tend12	0.000920218144868617	0.00398873229001499	0.00092583837619768
catm_trx_other_tend12	0.000920062872638339	0.00324212225697384	0.0014458837619768
vmr_msaldototal_delta1	0.000919144496428713	0.00128108232658163	0.00202108547655068
ccajas_extracciones_tend12	0.000898536277470526	0.00303356390997766	0.00154831694402421
thomebanking_delta2	0.000889251605238323	0.00142923446299958	0.00171772566817953
vmr_mpagospesos_delta1	0.000883959614130911	0.00313878575532727	0.00204866364094806
vmr_mconsumosdolares_lag2	0.000874786807242792	0.00153049046212416	0.00189895360564801
vmr_mconsumosdolares_delta3	0.000873200819147869	0.00174059966569147	0.00168226802824004
Visa_status_tend12	0.000871620731505701	0.00271288426966221	0.00105584972264246
ctarjeta_debito_transacciones_delta3	0.000862107327938059	0.00147692321991122	0.00160741301059002
cplazo_fijo_tend12	0.000859539192554974	0.00313273791886876	0.000563382501260716
ctransferencias_recibidas_delta1	0.000858932240389255	0.00127465900827475	0.00172560514372163
cproductos_lag1	0.000840077823957546	0.0018680363081931	0.000512165910237015
ctarjeta_visa_debitos_automaticos	0.000819631609265662	0.00185920843487535	0.00161529248613212
Visa_cadelantosefectivo_lag1	0.000799860929441357	0.000810193974685935	0.00155225668179526
vmr_msaldodolares2_tend12	0.000782735009635836	0.00364350512094107	0.00117010211800303
cextraccion_autoservicio_lag3	0.000779623577914156	0.00141851000549202	0.00129617372667675
vm_cconsumos_delta2	0.000766067651464963	0.00118950079125967	0.000531864599092284
cforex_sell_tend12	0.000761344720934711	0.00561510517870988	0.000953416540595058
vm_fultimo_cierre_delta2	0.000759140109886551	0.00158091202105542	0.000724911749873929
ctarjeta_debito_lag3	0.000744608397136974	0.00137226529986457	0.0011976802824004
vm_cconsumos_delta3	0.000735296873868349	0.001896133619865	0.00116616238023197
vmr_Master_mlimitecompra_delta3	0.000722617490314549	0.00213358712580421	0.00144194402420575
cplazo_fijo_lag1	0.000718837956884935	0.00190411806408478	0.000204866364094806
cpagomiscuentas	0.000716823373882284	0.00232300978384116	0.00018910741301059
tcallcenter_delta1	0.00071594305011307	0.00139557313104126	0.000827344931921331
Master_status_tend12	0.000709940163918512	0.00181856353726057	0.00110706631366616
vmr_mconsumosdolares	0.000693822577348701	0.0015895058277664	0.00133557110438729
ctarjeta_visa_transacciones_delta1	0.000689632954095955	0.00402626510183244	0.000594900403429148
vmr_mconsumosdolares_lag1	0.000686544097857731	0.00174754217464351	0.00151679904185577
internet_delta3	0.000683329539212915	0.00100382425272669	0.00107160867372668
vmr_mconsumospesos_delta1	0.000682435383273159	0.00146081287490475	0.00137496848209783
vmr_msaldodolares_tend12	0.000674708855792327	0.00371985933001012	0.000992813918305598
vmr_mpagado_tend12	0.000645069036542368	0.00284552996862277	0.00109130736258195
cextraccion_autoservicio_delta2	0.000642250530450384	0.00199681699470697	0.000819465456379223
cproductos_lag2	0.000633783997465902	0.0013389996578356	0.00062641830559758
ctarjeta_master_delta3	0.000632035871372202	0.000273404942437448	0.00018910741301059
ccomisiones_mantenimiento	0.000628732024924987	0.00457627478549423	0.00035851613716591
Visa_fultimo_cierre_delta1	0.000625263714409105	0.000417303463771554	0.00127253530005043
vmr_Master_mlimitecompra_delta2	0.000623261195208506	0.00160324819066931	0.00116616238023197
thomebanking_delta1	0.000600089997447383	0.00138692062171465	0.00101645234493192
cpagomiscuentas_delta2	0.000599599170009483	0.00164804351404641	0.000267902168431669
ccomisiones_mantenimiento_lag2	0.000575531314666387	0.00106281536040668	0.00033881744831064
catm_trx_lag1	0.000535902391464537	0.000703706996020696	0.000145770297528996
ctarjeta_master_transacciones_delta3	0.000520350099144867	0.00217987084253278	0.000752489914271306
catm_trx_lag3	0.000518612246933696	0.00181266798460254	0.000941597327281896
cforex_tend12	0.00051783136715036	0.00236265909253344	0.000882501260716087
ccheques_depositados_tend12	0.000514227211230954	0.00402276600442275	0.000764309127584468
vmr_mpagosdolares_tend12	0.000505967607266522	0.00227088260501914	0.000811585980837116
ctarjeta_visa_debitos_automaticos_delta1	0.000499324662815868	0.000869667968718349	0.00108342788703984
cextraccion_autoservicio_delta3	0.000496059270275403	0.00123897374815614	0.000953416540595058
Master_status_delta2	0.000488715651558551	0.000342458620653371	0.000433371154815935
cliente_edad_delta3	0.000481932386253825	0.000551022980483469	0.000894320474029249
ctarjeta_master_debitos_automaticos_tend12	0.000479041006509792	0.0032143930299182	0.000622478567826525
cplazo_fijo	0.000477222502661741	0.00303050122859918	0.00022850479072113
ccallcenter_transacciones_delta3	0.000463985672567981	0.00139252445894592	0.000677634896621281
vm_status02_delta1	0.000463980591279585	0.000402654361381979	0.000610659354513364
vm_cconsumos	0.000460646866676347	0.000445054510595622	0.000342757186081694
vmr_mpagado_delta3	0.000457743902295739	0.00169955292067482	0.00073673096318709
vm_cconsumos_lag2	0.000457004935336096	0.00125040955904217	0.000870682047402925
ccallcenter_transacciones_delta2	0.000451886889569678	0.00134944485950007	0.000614599092284418
ccaja_seguridad_lag1	0.000449625855350537	0.0025493270461317	0.000295480332829047
vmr_Visa_mlimitecompra_delta1	0.000440145581703086	0.00333354863638564	0.000740670700958144
vm_cconsumos_lag1	0.000436185674447464	0.00120741504842812	0.000705213061018659
ccuenta_debitos_automaticos_delta2	0.000433874692088815	0.00163155417453946	0.000216685577407968
ccuenta_debitos_automaticos	0.000428873597371355	0.00301091176697475	0.000224565052950076
ctarjeta_debito_transacciones_delta1	0.000426671730982122	0.00344202600771481	0.000555503025718608
vmr_Visa_mlimitecompra_delta2	0.000425248343953668	0.00149055208282552	0.000752489914271306
vmr_msaldodolares2_lag3	0.000419050601457214	0.00238741444632112	0.000890380736258195
vmr_mconsumosdolares_delta2	0.000418770106640364	0.00250729124159295	0.000866742309631871
vm_Fvencimiento_delta1	0.000418011523876217	0.000869687288304978	0.000362455874936964
cproductos	0.000412558654042826	0.00138143945869281	0.000173348461926374
ctarjeta_master_transacciones_lag2	0.000403107893830178	0.00163875924390571	0.00073673096318709
ctarjeta_master_transacciones_lag3	0.000394186037752326	0.00167531572439932	0.000827344931921331
ctarjeta_master_descuentos_delta1	0.000388321841147031	0.00119686971551573	0.000709152798789713
vm_status04_delta2	0.000374636833113787	0.000979178824287528	0.000283661119515885
vm_status05_tend12	0.000363495327669907	0.00151248481401276	0.00041761220373172
vmr_mpagado_lag3	0.000363329657010188	0.00106093334339181	0.00071703227433182
vm_status03_delta2	0.000363179053022404	0.00126367775523497	0.000236384266263238
ccajeros_propios_descuentos_delta3	0.000363122294345144	0.000995007702546346	0.000843103883005547
ctarjeta_visa_descuentos_tend12	0.000362110321395409	0.00281287342047042	0.00058702092788704
Master_status_delta1	0.000357288016115492	0.000272339183123304	0.000342757186081694
Visa_status_lag2	0.000347161127644945	0.000827348238575464	0.000307299546142209
ccajas_consultas_delta2	0.000341133751555872	0.00110271865450949	0.000334877710539587
ccajas_consultas_delta1	0.000323052465467788	0.00203921846633082	0.000240324004034291
vmr_mpagado_lag1	0.000315932690841938	0.00124636428555402	0.000535804336863338
catm_trx_lag2	0.000315915053903162	0.00122847354249208	0.000661875945537065
vmr_mpagado_delta2	0.000315868261728813	0.00171795925907916	0.000492467221381745
ctransferencias_emitidas_lag3	0.000311377446179419	0.00109893271806068	0.000575201714573878
cpagomiscuentas_delta3	0.000306238371924864	0.00150453902962889	0.000405792990418558
ccajas_depositos_lag1	0.000301373855362195	0.00181557629525192	0.000185167675239536
vmr_msaldodolares2_delta3	0.000300142015627126	0.00275273673362265	0.000669755421079173
ctransferencias_emitidas_delta3	0.000299470449371733	0.00167050041557973	0.000523985123550177
catm_trx_delta2	0.000291598130719829	0.000955830101707697	0.000500346696923853
ctarjeta_visa_descuentos_delta2	0.000287037329778625	0.0003828037857295	0.000543683812405446
vmr_msaldodolares_delta3	0.000286018342574965	0.00136003713797484	0.000539744074634392
vm_Finiciomora_lag2	0.000276879987269562	0.00254763611739185	0.000476708270297529
ctarjeta_debito_delta2	0.000274864491545136	0.00149485921419746	0.000200926626323752
vmr_msaldodolares2_lag2	0.000271814999083958	0.00163154241748621	0.000504286434694907
vm_cconsumos_delta1	0.000267138935049709	0.00078299951792071	0.000236384266263238
ccajeros_propios_descuentos_tend12	0.000261086939426664	0.00325985243050884	0.000531864599092284
vmr_mpagosdolares_lag3	0.000258565945374104	0.000970921777601017	0.000472768532526475
ctarjeta_debito_lag2	0.000252178370520058	0.000772795924733719	0.000350636661623802
ccuenta_debitos_automaticos_lag3	0.000250304207196267	0.000555851348103854	0.000382154563792234
vmr_mconsumosdolares_delta1	0.000247651284625443	0.001109805802078	0.000523985123550177
ctransferencias_emitidas_delta1	0.000244256610253959	0.00236950332987691	0.000326998234997479
ccomisiones_mantenimiento_lag1	0.000243186394620899	0.00279368202498118	0.00037821482602118
active_quarter_tend12	0.000240710034555838	0.00376230351135115	0.000571261976802824
vm_status02_lag1	0.000236488691091281	0.00112393778008837	0.000460949319213313
Visa_Fvencimiento_delta2	0.000232825580589815	0.000306298904547409	0.000323058497226425
tcuentas_tend12	0.000230338146477261	0.00235254387354111	0.000362455874936964
cseguro_vida_tend12	0.00022248714967145	0.00277435223099864	0.000484587745839637
vmr_msaldodolares_lag2	0.000217806334021084	0.000833183642231705	0.000413672465960666
cpagomiscuentas_lag1	0.000216492381778672	0.00225520855206792	0.000315179021684317
vm_status05_delta1	0.000215360729588734	0.000805301635471751	0.000185167675239536
vmr_mpagado_lag2	0.000213069304128497	0.00139044965931795	0.000445190368129097
cseguro_accidentes_personales_tend12	0.000189542795480462	0.00323084829669964	0.00041761220373172
vmr_mpagosdolares_lag1	0.000187489129050426	0.00181404455164082	0.00037821482602118
ctarjeta_debito_delta3	0.000182776522623545	0.000915672037013304	0.000256082955118507
ccallcenter_transacciones_delta1	0.000181996433147847	0.00226071694847498	0.000315179021684317
vmr_msaldodolares2	0.000181458656956233	0.00129603467416197	0.000386094301563288
cprestamos_prendarios_lag3	0.000175623368880051	0.00144685950492307	0.000248203479576399
ctarjeta_master_transacciones_delta1	0.000170000395136144	0.00179497605765027	0.000204866364094806
cinversion2_lag2	0.000161010327609796	0.00207304392179352	0.00020880610186586
cextraccion_autoservicio_lag1	0.000156376968450977	0.00155843236993399	0.000283661119515885
vmr_mpagado_delta1	0.000151282259373763	0.00167471148624768	0.000307299546142209
ccajas_extracciones_delta2	0.000147608215930913	0.00106447897311068	0.000295480332829047
vm_status03_tend12	0.000145273186211308	0.00171901770381185	0.000291540595057993
cpagomiscuentas_lag2	0.000141306021826091	0.00130460000772816	0.000252143217347453
vmr_msaldodolares2_delta2	0.000138148135461208	0.00114950476314105	0.000275781643973777
ctransferencias_emitidas_lag2	0.00013649807455001	0.000929405184370081	0.000248203479576399
ccajas_otras_delta1	0.000129849360557636	0.00152324379882434	0.00018910741301059
ctarjeta_master_transacciones	0.000118318242505119	0.00315526503211905	0.000279721381744831
ctransferencias_emitidas_lag1	0.00011424811386095	0.000927458265941731	0.000173348461926374
ccuenta_debitos_automaticos_lag1	0.000100375380794557	0.00109830409797083	0.000181227937468482
cpagomiscuentas_delta1	9.6784684507993e-05	0.00138980845566847	0.000173348461926374
vmr_mpagosdolares	8.89502778035198e-05	0.000601333250330686	0.000181227937468482
ctarjeta_debito_lag1	8.54641518151854e-05	0.000688047840846979	0.000153649773071104
internet_delta1	8.44882490667613e-05	0.00132001674858067	0.000200926626323752
catm_trx_other_delta1	7.66556861358149e-05	0.000805160736796648	0.000110312657589511
cforex_delta2	7.34787532443517e-05	0.000904656711248013	0.000145770297528996
cforex_lag2	6.04512109792622e-05	0.00049249787776309	0.000118192133131619
Master_Finiciomora_lag2	5.98134864698624e-05	0.00156045766182981	0.000165468986384266
catm_trx	4.97107137289392e-05	5.00682067912219e-05	2.36384266263238e-05
vmr_mpagosdolares_delta1	4.95540416924579e-05	0.000374968133320749	9.0613968734241e-05
ccallcenter_transacciones_lag1	4.47693711962004e-05	0.000499042775158445	0.000102433182047403
ccajas_consultas	4.11570440506769e-05	0.000566022562903415	4.72768532526475e-05
ccajas_otras	3.23617272832614e-05	0.00244707948730323	0.000185167675239536
ctarjeta_debito	2.25894382826827e-05	0.00144073137336975	0.000114252395360565
catm_trx_other_lag1	1.92345411004486e-05	0.000279426103402558	4.33371154815935e-05
ctarjeta_master_debitos_automaticos_delta1	1.38663312107575e-05	0.000333093704152663	3.93973777105396e-05
ctransferencias_emitidas	1.21844032731162e-05	0.000922072006514954	7.09152798789713e-05
ccallcenter_transacciones	8.69383000183129e-06	0.000693810904532325	5.51563287947554e-05
