Feature	Gain	Cover	Frequency
ctrx_quarter	0.0496848368930697	0.0051436097568352	0.00168899632672827
ctrx_quarter_normalizado	0.0478003399269551	0.00507788223822256	0.00161419229360977
cdescubierto_preacordado_tend12	0.0425358573547618	0.00513842771520304	0.00112993460552684
vm_status05_delta1	0.0388517532541477	0.00148787494874962	0.000303153186848664
ctrx_quarter_lag1	0.0289568184940718	0.00231485570643551	0.00145277306424879
ctarjeta_visa_transacciones	0.021172392317324	0.00561601897426499	0.00143702484675016
vm_status01	0.0178352712234318	0.00283245754948484	0.00118899042114671
Visa_delinquency	0.014915498620927	0.00394131887240001	0.00249215541915849
ctrx_quarter_normalizado_lag1	0.0148004923956675	0.00278683739019985	0.00165356283735635
cdescubierto_preacordado	0.0126444022552183	0.00415476201396821	0.00332287389221133
Visa_Finiciomora_tend12	0.0116256353697895	0.00785066668864405	0.00236223262479478
ctarjeta_debito_transacciones	0.0114694530643415	0.00321523612278395	0.00071654389618775
vm_status04	0.0107990516865464	0.000454623829551926	0.000551187612452116
ctrx_quarter_lag2	0.010193363149952	0.002769978727917	0.00445280849773816
vmr_mpagospesos	0.00834973140907153	0.00259888818341128	0.00264570053977016
ctrx_quarter_delta2	0.00790775974456552	0.00462943204858018	0.00571266589762871
ctarjeta_debito_transacciones_lag1	0.00723524527919419	0.00201886705544626	0.000688984515565145
cpayroll_trx_lag1	0.00664635778199741	0.00261938244694593	0.000366146056843191
active_quarter	0.00662897838465898	0.00156314965481896	0.00168112221797895
thomebanking	0.00652847711024131	0.00315356598289847	0.01116548620653
ccomisiones_mantenimiento_tend12	0.00643111053026211	0.00644355121277501	0.00260239294164892
thomebanking_lag2	0.00594582744460938	0.00377478031880854	0.0133111808407186
cprestamos_personales_delta3	0.00555338288797452	0.00452767464553289	0.000629928699945275
Visa_cconsumos_tend12	0.00540738258768206	0.00499442225086642	0.0102009078847388
ctransferencias_recibidas_tend12	0.00523319368309171	0.00620537162163063	0.0110985562821608
ctrx_quarter_normalizado_lag2	0.00516825481568742	0.00294146617643437	0.00427564105087855
Visa_Fvencimiento_delta2	0.00506266764727208	0.000396163437892226	0.000385831328716481
cprestamos_personales_tend12	0.0049330481483253	0.00438971673113185	0.00131497616113576
cpayroll_trx	0.00481473316681717	0.00368940587305073	0.000275593806226058
cmobile_app_trx_tend12	0.00477943251227706	0.0071040342984238	0.00990562880663945
ctrx_quarter_delta1	0.00473004106444428	0.00286763177836479	0.00197246424170364
vmr_mpagominimo	0.00472497848382967	0.00285440863330175	0.00427957810525321
vmr_mpagominimo_tend12	0.00448370742310562	0.00360465855789981	0.00429532632275184
cliente_edad_lag3	0.00440919719182198	0.00512105750829074	0.00767725603058304
vm_cconsumos_lag1	0.00438019526955851	0.00139338702555049	0.000688984515565145
ctrx_quarter_normalizado_delta3	0.00426541616126064	0.00375864407938881	0.00638590219569522
ctrx_quarter_normalizado_delta1	0.00423167774107688	0.00327321303649285	0.00207876470981941
vm_cconsumos	0.00422125066421324	0.000567432193202518	0.000381894274341823
cpayroll_trx_tend12	0.0041589081635792	0.00594718708512445	0.00201183478545022
ccomisiones_mantenimiento_delta3	0.00405020879292806	0.00441980715175488	0.000917333669295307
cpayroll_trx_lag2	0.00403742764574356	0.00258026117331804	0.000555124666826774
cpayroll_trx_lag3	0.00395066216220866	0.00372513780112072	0.000811033201179542
Master_Fvencimiento_lag1	0.00390168707733762	0.0032787151348983	0.00792922751056115
internet_tend12	0.00390086205323626	0.00481698968738731	0.00406304011464702
ctrx_quarter_normalizado_tend12	0.00388778622292467	0.00452886275257674	0.00466147237959504
Master_Fvencimiento_lag3	0.00388520355990658	0.00340167409858841	0.00874026071174069
cmobile_app_trx_delta2	0.00386661218941258	0.0041515667402496	0.010094607416623
chomebanking_transacciones_lag3	0.00386101500152748	0.00381481146962106	0.00948436398855105
Master_fechaalta	0.00382136156220309	0.0034801775441092	0.00825600302365776
active_quarter_lag1	0.00380505738212267	0.00122403008163474	0.00114568282302547
Master_fechaalta_lag3	0.00380347189821914	0.00340187961978388	0.00836230349177352
Visa_Fvencimiento	0.00377038400731083	0.00471902586569914	0.00704732733063776
chomebanking_transacciones_lag2	0.00376775960186433	0.00381857465241431	0.00871270133111809
Master_Fvencimiento	0.00376752991179993	0.00375463838032442	0.00823238069740981
ctrx_quarter_delta3	0.00376209445058106	0.00305777957666029	0.00673630003503978
Master_Fvencimiento_lag2	0.0036933269770129	0.00354306942483532	0.0082520659692831
ccomisiones_otras_delta3	0.00362368652599892	0.00363217564643686	0.00680716701378363
Master_fechaalta_lag2	0.00355856092838798	0.0029309420542794	0.0077087524655803
cproductos_delta2	0.00350870478698414	0.0026644250334795	0.00050394295995622
Master_fultimo_cierre_tend12	0.003489200782476	0.0027126735868001	0.00711032020063229
Visa_Fvencimiento_lag3	0.00347406127013682	0.00313042521643823	0.00708669787438434
Master_fechaalta_lag1	0.00347271281200695	0.00343596998328121	0.00756701850809262
Master_Finiciomora_lag1	0.00340447427788773	0.003027731907303	0.000511817068705536
ccomisiones_otras_tend12	0.00337955272902766	0.0041173793828486	0.00584258869199243
Master_cconsumos_tend12	0.00336149055260477	0.00528558011386639	0.00746071803997685
foto_mes	0.00333384206947012	0.0022859055156403	0.00255514828915302
vmr_mconsumospesos	0.00323394204697863	0.00244543987831916	0.00215750579731257
cliente_antiguedad_lag3	0.00318006110112526	0.00347820615404652	0.00621267180321027
chomebanking_transacciones_delta3	0.00317118980182576	0.00413414029494005	0.00800403154367965
ctrx_quarter_tend12	0.00311312031825307	0.00317009189958027	0.00401973251652579
ctrx_quarter_lag3	0.00311069336290865	0.00289732649243175	0.00549219085264787
ctrx_quarter_normalizado_lag3	0.00309442030733415	0.00326319869429591	0.00523234526392044
vmr_Master_mlimitecompra_tend12	0.00309239396278505	0.00463570358573707	0.00599613381260409
Visa_Fvencimiento_lag2	0.00307908331999479	0.00247930795624262	0.00598825970385477
Visa_fechaalta	0.00306002742785191	0.00291158984826796	0.0055354984507691
cmobile_app_trx_lag1	0.0030590693544642	0.00433608229562304	0.00719693539687477
chomebanking_transacciones_delta2	0.00300345815621214	0.00357861847832629	0.00732685819123848
vm_Fvencimiento	0.00299359628518268	0.00440766911154603	0.00609062311759588
vmr_msaldopesos	0.00298172487391636	0.00180528942070691	0.00263388937664618
chomebanking_transacciones_lag1	0.00295753768931063	0.00374359643215011	0.0060788119544719
Visa_cconsumos	0.00293824299970812	0.00237757112002047	0.00571266589762871
vmr_mpagominimo_lag3	0.00291697685549117	0.00250743894035097	0.00566148419075816
vm_Fvencimiento_lag3	0.00291130821275151	0.00300608573349643	0.00637015397819659
Visa_Fvencimiento_lag1	0.00290722971782369	0.00277709033269779	0.00572841411512734
ctarjeta_visa_debitos_automaticos_tend12	0.0028610296360142	0.00391432824416743	0.00222837277605641
vm_fechaalta	0.002824921139102	0.00303499514777724	0.0048898215333252
cdescubierto_preacordado_lag1	0.00274607434841597	0.00344427744705528	0.00260239294164892
Visa_fechaalta_lag3	0.00273811116205605	0.00231274055867676	0.00567329535388213
vm_fultimo_cierre_tend12	0.00272507362566195	0.00204959521571265	0.00440556384524227
vm_Fvencimiento_lag1	0.00271884786785478	0.00260334612154088	0.00537014216703347
ctarjeta_visa_transacciones_tend12	0.00271848427812536	0.00406146087430937	0.00300790954223869
Visa_cconsumos_lag3	0.00270830374392847	0.00279096371716002	0.00598432264948011
Visa_fultimo_cierre_tend12	0.00270703093414619	0.00227699547960315	0.00487407331582657
Visa_fechaalta_lag1	0.0027065040014631	0.00249235129389361	0.00479926928270806
Master_cadelantosefectivo_tend12	0.0027024498266141	0.00174935019828659	0.00784261231431867
cliente_edad_lag2	0.00270069669772033	0.00351749769745764	0.0043465080296224
vmr_mpagospesos_delta3	0.00269216861634489	0.00366172542636015	0.00435831919274637
chomebanking_transacciones_delta1	0.00268210660711677	0.00402775224705275	0.00566542124513282
cprestamos_personales_lag3	0.00268021203565823	0.00319769720067991	0.00102363413741107
chomebanking_transacciones	0.00267960799409241	0.0045001126839228	0.00566935829950748
vm_fechaalta_lag3	0.00264867449321195	0.00241657460183164	0.00533470867766155
vmr_msaldopesos2_delta3	0.00262015337068078	0.00286190134408347	0.00513391890455399
Master_Fvencimiento_tend12	0.00260407161367881	0.00219182844576018	0.005582743103265
cliente_edad_lag1	0.00257157701860598	0.00341771670538336	0.00381106863466891
cmobile_app_trx	0.00257117060505019	0.00361502612849098	0.00584652574636708
vmr_Master_mlimitecompra_lag3	0.00255462806709771	0.00294033472794763	0.00551187612452116
vmr_msaldopesos2_lag3	0.00255023294459832	0.00272619027654927	0.00516935239392591
ccomisiones_otras_lag2	0.00254400564094773	0.00431759919028182	0.00507880014330878
vmr_msaldopesos2_tend12	0.00252411815486852	0.00316564144029618	0.00455123485710461
vm_Fvencimiento_lag2	0.00249155530652665	0.00256257616163071	0.00522447115517112
vm_fechaalta_lag1	0.00248937308097513	0.00216781007039257	0.00444493438898885
vmr_Master_mlimitecompra	0.00248262884231372	0.00394010858091556	0.00525596759016839
Visa_fechaalta_lag2	0.00246297077017023	0.00241221164083837	0.00480714339145738
vmr_Master_mlimitecompra_lag1	0.00245682349996352	0.00297362571630349	0.00508273719768344
numero_de_cliente	0.00244486395913744	0.00431866066114389	0.0043465080296224
ccomisiones_otras_delta2	0.00240664421861091	0.00238784577225862	0.00573628822387666
ccomisiones_otras_lag3	0.00240171562380323	0.00256374605474463	0.00509061130643275
vmr_mpagominimo_delta3	0.00239632290906155	0.00239949943117297	0.00405910306027237
vmr_mpagominimo_delta2	0.0023955427993658	0.00226048918438681	0.00280711976913113
ccuenta_debitos_automaticos_tend12	0.00239451072004658	0.00389089586575643	0.00127166856301452
ctarjeta_visa_transacciones_delta2	0.00236213947245744	0.00309407298535907	0.00187403788233719
vmr_msaldototal_delta3	0.00234436436383344	0.00236248427186684	0.00377957219967165
Visa_cconsumos_lag1	0.00232683023079034	0.00239504367787464	0.00486226215270259
Visa_cconsumos_lag2	0.00231775749291664	0.00199646768206683	0.00505124076268617
vmr_mpagospesos_tend12	0.0022675585507797	0.0048816802304577	0.00335437032720859
cpayroll_trx_delta3	0.00226284421129376	0.0038841925303115	0.000874026071174069
vm_fechaalta_lag2	0.00226128085390314	0.00213839768274347	0.00437800446461966
vmr_mpagominimo_lag1	0.00224611213696809	0.00221242495519674	0.00362996413343465
Visa_delinquency_tend12	0.00224459073550105	0.00361759700264178	0.00170868159860156
cproductos_delta3	0.00220051744744601	0.00177634662472524	0.00077559971180762
ccomisiones_otras_delta1	0.00217998339632139	0.00385088975647156	0.00483863982645464
cliente_antiguedad_lag2	0.00217265637933056	0.00291924522393945	0.00374413871029973
Master_fechaalta_tend12	0.00215492138765813	0.00183435450421582	0.00455123485710461
vmr_Visa_mlimitecompra_lag3	0.00213485398542277	0.00259158479666243	0.00446461966086214
Visa_fultimo_cierre_lag2	0.0021252234413882	0.00179326597909986	0.00227168037417765
vmr_msaldototal	0.00212176915062078	0.00179003064313861	0.00250396658228247
vmr_mconsumospesos_lag3	0.00211516005905713	0.00285034631769623	0.00440556384524227
tcallcenter	0.00210320389242939	0.00254153512306237	0.00232679913542286
vmr_mpagominimo_lag2	0.00210052834640941	0.00212375588892144	0.00373626460155041
Visa_cconsumos_delta2	0.00204411460177631	0.00195749663659685	0.0039528025921566
ccomisiones_otras_lag1	0.00203175475567418	0.00271539949993921	0.00344098552345106
Visa_Fvencimiento_tend12	0.00200611429875733	0.00288849641281594	0.00389768383091139
chomebanking_transacciones_tend12	0.00199331073898377	0.00421084642262812	0.0034567337409497
cproductos_tend12	0.00198314575173641	0.00404808674480067	0.00194490486108104
vmr_msaldopesos_delta3	0.00198277230498378	0.00209582569921014	0.00365752351405725
vmr_mpagospesos_lag3	0.00196748214797199	0.00281584953356641	0.00414178120214018
ccajas_transacciones	0.00196649056718838	0.00262232375503722	0.00342130025157777
vmr_msaldototal_tend12	0.00195791713861824	0.00294450870103591	0.00344098552345106
ctarjeta_visa_transacciones_delta3	0.00195548939758783	0.00312211716444037	0.00240554022291602
vmr_mpagospesos_delta2	0.00195373294853054	0.00290020933527853	0.00265751170289413
vmr_mpagominimo_delta1	0.0019489707783385	0.00282170561665383	0.00253940007165439
ctransferencias_recibidas_lag3	0.00194007854574092	0.00144670163537393	0.0041772146915121
vmr_Visa_mlimitecompra_lag1	0.00193819212963638	0.00169730150911305	0.00333862210970996
Master_status	0.00193706819041188	0.00166951976188025	0.00110237522490423
cliente_edad	0.00192580079923149	0.0026406627245385	0.00313389528222774
ctransferencias_recibidas	0.00192361185329754	0.0027463516894429	0.00246853309291055
vmr_msaldopesos_tend12	0.00187833130506105	0.00261960910218236	0.00348823017594696
Visa_cconsumos_delta3	0.00187559508552081	0.00169079014470812	0.00409847360401895
cliente_antiguedad_lag1	0.00187104474245367	0.00292639102973284	0.00333862210970996
vmr_Visa_mlimitecompra	0.00185442712958792	0.00179472746315656	0.00367327173155588
ctarjeta_visa_transacciones_lag3	0.0018530499561157	0.00273817170217033	0.00398429902715386
vmr_Visa_mlimitecompra_tend12	0.00183580553317916	0.00408244193505771	0.00338586676220585
ccomisiones_otras	0.00183207335343727	0.00297463019248057	0.00292129434599621
Master_fultimo_cierre_lag2	0.00181711325173541	0.00201976672274629	0.00382681685216755
vm_Fvencimiento_tend12	0.00181640829188532	0.00240795558952146	0.00374020165592507
vmr_msaldopesos_lag3	0.00181131204424574	0.00175916063690352	0.00381500568904357
vmr_msaldototal_lag3	0.00179357861989781	0.00205928328277038	0.00371264227530246
Visa_fultimo_cierre	0.00170319705549056	0.00133808547974954	0.00231105091792423
vmr_msaldopesos2_lag2	0.00169576556582416	0.00242393731515271	0.00330318862033804
Master_fultimo_cierre	0.00169298477856605	0.0017621346544399	0.00386225034153947
ccaja_ahorro	0.00168228250710381	0.0056571127513792	0.000440950089961692
cprestamos_personales_delta2	0.00166493710542247	0.00265299754661773	0.000370083111217849
vmr_Visa_mlimitecompra_lag2	0.00166475485383304	0.00150351733227002	0.00324413280471817
Master_fultimo_cierre_lag1	0.00163613538019847	0.00281175499169964	0.00351578955656957
Master_fultimo_cierre_lag3	0.00159957929901426	0.00169130900011912	0.00365752351405725
vmr_mconsumospesos_tend12	0.00159938674670476	0.00403571360414222	0.00300397248786403
vmr_msaldopesos2_delta2	0.00158601700896014	0.00266660662952009	0.00320476226097159
ctarjeta_visa_debitos_automaticos_delta3	0.00157419201966936	0.0015719766462598	0.00318901404347295
ctransferencias_recibidas_delta3	0.00155986864198196	0.00201278872880094	0.00377957219967165
Master_cconsumos_lag3	0.001542459811375	0.00182699540426954	0.00357878242656409
ccajas_consultas_tend12	0.00154169573371863	0.00447227112693394	0.00208270176419407
vmr_msaldopesos_lag1	0.00153371911230724	0.0015831733813265	0.00225986921105367
vmr_mconsumospesos_delta3	0.00152239925553705	0.00214691163408068	0.00324413280471817
Visa_cconsumos_delta1	0.00152224251796863	0.00200270237120401	0.00332681094658598
ccomisiones_mantenimiento_lag3	0.00151619078233108	0.00184388822554901	0.00115355693177479
vm_status04_delta2	0.00151103174862405	0.00099707791823483	0.000295279078099348
vmr_mconsumosdolares_lag3	0.00150149843351058	0.00183762309582998	0.00337799265345654
cproductos_lag3	0.00148436436520673	0.001738042141865	0.00183860439296527
ctransferencias_recibidas_lag2	0.00148252438104613	0.00159910586422217	0.00276774922538455
ctarjeta_visa_transacciones_lag2	0.00147373314416817	0.00206907054957104	0.00293310550912019
Master_cconsumos_lag2	0.00146868013548102	0.00172466717203659	0.00344885963220038
vmr_msaldopesos2_lag1	0.00146527087491707	0.00167459018804563	0.00288192380224963
vm_cconsumos_delta3	0.00144407061864343	0.0019214079507898	0.00113780871427615
vm_fechaalta_tend12	0.00144394283277557	0.00298186074451771	0.00264570053977016
vm_cconsumos_tend12	0.00144306611304542	0.0021903795034753	0.0023228620810482
cprestamos_personales	0.00144192705887943	0.00475601522718987	0.000409453654964429
cpagomiscuentas_tend12	0.00142910766016723	0.00387743741016385	0.00146458422737276
tcallcenter_delta3	0.00142768902989803	0.00139590714439021	0.00184254144733993
vmr_msaldopesos_lag2	0.00142247655123951	0.00177072335221619	0.00275200100788592
ctarjeta_debito_transacciones_lag3	0.00142209054042882	0.00256180098769717	0.00287404969350032
ccajas_transacciones_tend12	0.00141561412364876	0.00347065331838884	0.00246065898416123
Visa_cadelantosefectivo_tend12	0.00141204862692549	0.00285506355748338	0.00315751760847569
cliente_antiguedad	0.00140361671417344	0.00190890790084566	0.00261026705039823
Master_Finiciomora_tend12	0.00140178458646511	0.00497855474569308	0.000826781418678173
ccallcenter_transacciones_tend12	0.00139406867456585	0.00321130474999878	0.00214569463418859
vm_status01_tend12	0.0013899731677368	0.00416496509197422	0.0011614310405241
ctransferencias_emitidas_tend12	0.00138265661341171	0.00388340712548538	0.00215750579731257
vmr_msaldopesos_delta2	0.00138199281060555	0.00173503741064286	0.00256302239790234
vmr_mpagospesos_lag1	0.00138070295720131	0.00244459829811977	0.00223624688480573
ctransferencias_recibidas_delta2	0.00137831007635164	0.00184793911280633	0.00248821836478384
ctarjeta_debito_transacciones_tend12	0.00137707566716779	0.00412956332552214	0.00250396658228247
ccajas_transacciones_delta3	0.00136930364081783	0.00191005397089553	0.00233073618979752
cprestamos_personales_delta1	0.00135880999101456	0.00313211885982553	0.000314964349972637
ccaja_seguridad_lag3	0.00135442152892744	0.000760655624696518	0.000314964349972637
ctarjeta_visa_debitos_automaticos_lag3	0.00135356812478822	0.00159574660211024	0.00269688224664071
tcallcenter_delta2	0.00134072077814304	0.00189538089617194	0.00173624097922416
ccaja_ahorro_lag3	0.00133604601268743	0.000899631901558009	0.000586621101824037
vmr_msaldototal_lag2	0.00133494788475304	0.00161317367765958	0.00246853309291055
ctarjeta_visa_transacciones_lag1	0.00130580327528105	0.00302066175129239	0.00111024933365355
cproductos_delta1	0.00130335147507444	0.00269342312249874	0.000377957219967165
Visa_fultimo_cierre_lag3	0.00130119530496767	0.00138785843606587	0.00257483356102631
vm_status05_delta2	0.00129302219675588	0.00170853223511242	0.000437013035587035
vmr_msaldototal_lag1	0.00127578607013607	0.00173833955202184	0.00231105091792423
cprestamos_personales_lag2	0.00126487546787394	0.00330506438910474	0.000590558156198695
vmr_mconsumospesos_delta2	0.00125852133094863	0.00286147815907257	0.0019764012960783
vmr_mconsumospesos_lag2	0.00125439493051974	0.00178937483662127	0.00256302239790234
Master_cconsumos	0.00124733543249914	0.00114145595932723	0.00287011263912566
tcallcenter_tend12	0.00124708628969978	0.00404859062151266	0.00207876470981941
thomebanking_tend12	0.00124416923349711	0.00411390955566954	0.00201970889419954
vm_fultimo_cierre	0.00124186164565963	0.00285293946031961	0.00257089650665165
vm_fultimo_cierre_lag1	0.00123728458904185	0.00165116862875102	0.00220475044980846
internet	0.0012372431651916	0.00147537794496446	0.000173230392484951
Master_cconsumos_lag1	0.00122756490281262	0.00150724770057821	0.003015783650988
ccaja_ahorro_lag2	0.00122638685472135	0.00142005824825757	0.000472446524958956
cextraccion_autoservicio_tend12	0.00122131398803161	0.0031924984787013	0.00210238703606736
ctransferencias_recibidas_lag1	0.00120670632086789	0.00130344884541035	0.00246853309291055
ccajas_depositos_tend12	0.00120139686959316	0.00572376548301135	0.00166931105485498
vmr_msaldopesos2	0.00120024606917322	0.00120630320101737	0.00222837277605641
Visa_fultimo_cierre_lag1	0.00119069360539503	0.00133575174382367	0.00200789773107556
vm_fultimo_cierre_lag2	0.00117930511031901	0.00141046782635128	0.00232679913542286
tcallcenter_lag3	0.00115098276330495	0.00135539930120864	0.00246853309291055
vmr_msaldototal_delta2	0.0011463075320742	0.00141912124975399	0.00232679913542286
Master_cconsumos_delta3	0.00111632139462461	0.00148727781755672	0.00242128844041465
active_quarter_lag2	0.00109395539379302	0.00256053634853484	0.00214963168856325
ctarjeta_debito_transacciones_delta3	0.00108348832171473	0.00135738293893124	0.00154726236924058
Master_cconsumos_delta1	0.00107209260539699	0.00147268043463189	0.00248034425603452
vmr_msaldopesos2_delta1	0.00106407624848487	0.00197220769377177	0.00241735138603999
cextraccion_autoservicio	0.00105877180664765	0.00242405472882556	0.000220475044980846
vmr_mconsumospesos_lag1	0.00105589537449493	0.00144988466143262	0.00206301649232078
ctarjeta_visa_debitos_automaticos_lag2	0.00104251142317372	0.00181183565838022	0.0019291566435824
vmr_msaldopesos_delta1	0.00102578657882684	0.0013966413527374	0.00201577183982488
Visa_status_tend12	0.00101938025595653	0.00413061408230779	0.00129135383488781
ctarjeta_debito_transacciones_lag2	0.0010162774691114	0.00191457835730698	0.00211419819919133
cliente_edad_tend12	0.0010071295722414	0.00239514565067264	0.00183860439296527
ctransferencias_recibidas_delta1	0.000998260728207334	0.00157257516398024	0.00188978609983582
vmr_mconsumosdolares_tend12	0.000996825881948365	0.00442692694965294	0.00192128253483309
vmr_mpagospesos_delta1	0.000978331280471795	0.00252992343811802	0.00211026114481667
vmr_mconsumosdolares_lag2	0.000958574473818802	0.00146050848752235	0.00200002362232625
ctarjeta_debito_transacciones_delta2	0.000957448240546725	0.00221160591657383	0.00132678732425974
ctarjeta_visa_debitos_automaticos_delta2	0.000939147475914536	0.000901426761455554	0.00179529679484403
Master_cconsumos_delta2	0.000936322034309249	0.00120479236918513	0.00218900223230983
catm_trx_tend12	0.00093130899147297	0.00306660992938	0.00178742268609472
vm_cconsumos_lag3	0.000928284131948609	0.0017892991658305	0.00186616377358788
ccomisiones_mantenimiento_delta1	0.000924414232010714	0.00469965387015829	0.000496068851206904
ctarjeta_debito_tend12	0.000914064381853307	0.00375936982151482	0.000956704213041886
ctarjeta_visa_debitos_automaticos_lag1	0.000896693171577792	0.00155731063022185	0.00169687043547758
ccajas_extracciones_tend12	0.000895373993376241	0.00301619526290964	0.00148426949924605
vmr_msaldototal_delta1	0.00089175483174588	0.00120580121502475	0.00192521958920775
catm_trx_other_tend12	0.000889120160308445	0.00280870908481123	0.00142127662925153
ctarjeta_master_transacciones_tend12	0.000866883921070451	0.00260460292472183	0.00105119351803368
ctarjeta_visa_debitos_automaticos	0.000865431454847784	0.0018780501212625	0.00151576593424332
vmr_mconsumosdolares_delta3	0.000840760749536202	0.00180500425820999	0.00171261865297622
cplazo_fijo_tend12	0.00083369844285705	0.00285698160825185	0.000507880014330878
thomebanking_delta2	0.000821503664802612	0.00139921470583138	0.001657499891731
vmr_Master_mlimitecompra_delta3	0.00081168564595554	0.00181678942716049	0.00164962578298169
vm_fultimo_cierre_delta2	0.000800422487376108	0.0016170548203335	0.00079528498368091
cextraccion_autoservicio_delta2	0.000785680795794034	0.00155983950939466	0.000822844364303515
ccaja_seguridad_lag2	0.000767805187149654	0.000757294850009093	0.000133859848738371
Master_status_tend12	0.000757953720451567	0.00174930933774021	0.00111418638802821
vmr_msaldodolares_tend12	0.0007526512750714	0.00457445745017422	0.00115749398614944
cproductos_lag2	0.000749315905633471	0.00139673118291545	0.000602369319322669
vmr_mconsumosdolares_lag1	0.000748843638778657	0.00150408797238375	0.00162600345673374
cforex_sell_tend12	0.0007407394114373	0.00493947071923677	0.000917333669295307
ctarjeta_debito_lag3	0.000721958170135918	0.00153765712757487	0.00111812344240286
vmr_mconsumospesos_delta1	0.000721069329624456	0.00173878897601599	0.00153938826049127
vm_cconsumos_delta2	0.00070040878767127	0.00109517392221493	0.000472446524958956
cextraccion_autoservicio_lag3	0.000696460657850507	0.00124528315387639	0.00119686452989602
tcallcenter_delta1	0.000682576434774817	0.00127067030502761	0.000763788548683646
ccomisiones_mantenimiento_delta2	0.000682508266696745	0.00222507021238846	0.000330712567471269
ctarjeta_debito_transacciones_delta1	0.000668129449071291	0.00339602620471157	0.0005433135037028
Visa_fultimo_cierre_delta1	0.000666453511820348	0.000530203235551676	0.00147245833612208
Visa_cadelantosefectivo_lag1	0.000655316697874628	0.0008152375627054	0.00149214360799537
vmr_mconsumosdolares	0.000654571224627673	0.00163613144349283	0.00132285026988508
vmr_mpagado_tend12	0.000653119582001573	0.00328017653492303	0.00113387165990149
vmr_msaldodolares2_tend12	0.000649820217433787	0.00307879744341235	0.000976389484915176
internet_delta3	0.000645778489192978	0.00106209469442845	0.00105513057240834
ctarjeta_visa_debitos_automaticos_delta1	0.000625199759245241	0.0010342980945446	0.00122048685614397
thomebanking_delta1	0.000621259188309578	0.00140729158587432	0.00103150824616039
cplazo_fijo	0.000610072552140274	0.00339077666439791	0.000259845588727426
vmr_Master_mlimitecompra_delta2	0.000609655307529822	0.00135824758590694	0.00111812344240286
cextraccion_autoservicio_delta3	0.000602600629071235	0.00145580759195376	0.00114174576865081
ctarjeta_visa_transacciones_delta1	0.000590417516735611	0.00391450519449243	0.000578746993074721
vm_Fvencimiento_delta1	0.00057974234388499	0.000876846611347251	0.000405516600589771
cplazo_fijo_lag1	0.000575076449448882	0.0016320781613243	0.000185041555608925
vm_status05_tend12	0.000570430664269679	0.00162935050452178	0.000405516600589771
ctarjeta_master_transacciones_lag3	0.000562644298931445	0.00161711047050694	0.000956704213041886
ccomisiones_mantenimiento_lag2	0.000549565115201442	0.000689967425673906	0.000307090241223322
vmr_mpagosdolares_tend12	0.000540813797737569	0.00247611385897162	0.000933081886793939
cforex_tend12	0.00052331775386241	0.00282458043444729	0.000925207778044623
vm_status01_lag1	0.000500359770012629	0.00246871018006421	0.000618117536821301
ccomisiones_mantenimiento	0.00049694899733451	0.00499569176388313	0.000377957219967165
ccaja_seguridad_lag1	0.000489317471803285	0.00244871872183391	0.000263782643102084
vm_status02_delta2	0.000483943577545621	0.000685016892124549	0.000720480950562408
cproductos_lag1	0.000479014997664243	0.0017285696378234	0.000452761253085666
vmr_msaldodolares2_lag3	0.000473111505552015	0.00241998533352641	0.00100394886553778
Master_status_delta1	0.000464070715891569	0.000276060552865828	0.000354334893719217
ccheques_depositados_tend12	0.000464063914070802	0.00457203245552678	0.000818907309928857
cliente_edad_delta3	0.00046386548655637	0.000665421119442318	0.000874026071174069
ctarjeta_master_descuentos_delta1	0.000462418004303054	0.00103956114299776	0.000783473820556936
ctarjeta_master_transacciones_delta3	0.00045628040578418	0.00205198584128355	0.000665362189317197
ctarjeta_master_transacciones_lag2	0.000455177238637237	0.00157686793726891	0.000744103276810356
catm_trx_delta2	0.000451799077617747	0.00126852742671811	0.000570872884325405
cproductos	0.000451363887939792	0.00116695779311221	0.000196852718732898
vm_cconsumos_lag2	0.000449672699588415	0.00093305047145534	0.000881900179923385
vmr_Visa_mlimitecompra_delta2	0.000447292132469033	0.00140951280298971	0.000669299243691855
catm_trx_lag3	0.000447225464069217	0.00167413593221309	0.000893711343047359
ctarjeta_master_debitos_automaticos_tend12	0.000430979791816679	0.0030021806417105	0.000531502340578826
vmr_mconsumosdolares_delta2	0.000430309305062616	0.00208828969095485	0.000807096146804884
cpagomiscuentas_delta2	0.000427909577439133	0.00158606200137136	0.000259845588727426
ccajeros_propios_descuentos_delta3	0.000422168932786068	0.00107703118837621	0.000803159092430226
vm_status02_delta1	0.0004163468164995	0.000524185306886218	0.000625991645570617
vmr_mpagado_delta3	0.000411048910018208	0.00160003357719285	0.000704732733063776
ccallcenter_transacciones_delta2	0.000395211482102216	0.00126579737500438	0.00056299877557609
ccallcenter_transacciones_delta3	0.000378562298107196	0.00109538278368129	0.000700795678689118
catm_trx_lag2	0.00037847411141006	0.000843033595373439	0.000622054591195959
vmr_Visa_mlimitecompra_delta1	0.000371480847858548	0.00263977782585755	0.000645676917443907
cpagomiscuentas_delta3	0.000364074719485734	0.00162581364083707	0.000456698307460324
ctarjeta_visa_descuentos_tend12	0.000352518295109474	0.00272808019761512	0.000606306373697327
ccuenta_debitos_automaticos_delta2	0.000349384200268522	0.00188864289753857	0.000236223262479478
cpagomiscuentas	0.000336528670066137	0.0029994775012358	0.00023228620810482
vmr_mpagado_lag1	0.000313273568096074	0.0010491574051261	0.000496068851206904
vm_status06_tend12	0.000312970578181628	0.00249038534490111	0.000460635361834982
ctarjeta_visa_descuentos_delta2	0.000309418522564203	0.000451857497034297	0.000586621101824037
vm_status02_lag1	0.000308627491223258	0.00162773482179649	0.00052362823182951
ctransferencias_emitidas_delta3	0.000307731284150874	0.00157201124642426	0.000551187612452116
vmr_msaldodolares2_lag2	0.000307266266621286	0.00164331594600932	0.000602369319322669
Visa_status_lag2	0.000306885495841707	0.00163606726407423	0.000389768383091139
ccomisiones_mantenimiento_lag1	0.000306374449910698	0.00244850954524765	0.000354334893719217
ccajas_consultas_delta2	0.000305230049454013	0.00105500208087332	0.000314964349972637
vmr_mpagado_lag3	0.000302813106462875	0.00073582344169625	0.000602369319322669
vm_Finiciomora_lag2	0.00029979229838853	0.00285015132150525	0.00050394295995622
vmr_mpagado_delta2	0.000293395167801836	0.0018585724135009	0.000496068851206904
vmr_msaldodolares_delta3	0.000284025748083882	0.00112213379474577	0.000476383579333614
ccuenta_debitos_automaticos_lag3	0.000282040426553442	0.000710140834131537	0.000433075981212377
ctransferencias_emitidas_lag3	0.000274198855967929	0.00107167583080184	0.000500005905581562
ctarjeta_debito_delta2	0.000269822235213432	0.00200097181677303	0.000255908534352768
vm_status04_delta1	0.00026805955317798	0.000734866758703234	0.000137796903113029
ccuenta_debitos_automaticos	0.000267488348801013	0.00337156281702833	0.000248034425603452
ccajas_consultas_delta1	0.000265112507319687	0.00187384480424866	0.000204726827482214
ccajas_depositos_lag1	0.000264392720950144	0.00166223566046897	0.000173230392484951
vmr_msaldodolares2_delta3	0.000257698627825835	0.00204494883588588	0.000606306373697327
vmr_mpagado_lag2	0.00025761031226666	0.00157940532467888	0.000500005905581562
Master_status_delta2	0.000254720282617456	0.00024235627426376	0.000381894274341823
vmr_mpagosdolares_lag3	0.000245522938260488	0.000789620521086826	0.00048425768808293
tcuentas_tend12	0.000245421798164907	0.00287103448500623	0.000401579546215113
ccajeros_propios_descuentos_tend12	0.000241015424317916	0.00289974835688824	0.000492131796832246
vm_status03_tend12	0.00023855226621772	0.00157610076738071	0.000330712567471269
ctransferencias_emitidas_delta1	0.000237096542429353	0.00236775446303762	0.000307090241223322
ctarjeta_master_delta3	0.000225872371327259	0.000307737266031941	0.000240160316854136
cseguro_vida_tend12	0.00022252509132878	0.00324022933205053	0.00050394295995622
ctarjeta_master_transacciones_delta1	0.000213279651979942	0.00190808197160105	0.00025197147997811
vmr_msaldodolares_lag2	0.000203589735775977	0.000819357839363587	0.000389768383091139
vmr_mconsumosdolares_delta1	0.000201379136144678	0.00106935896429434	0.000437013035587035
cseguro_accidentes_personales_tend12	0.000198251827858788	0.00283208075012247	0.000385831328716481
vm_cconsumos_delta1	0.000196070961768346	0.000880505258367358	0.000279530860600716
vmr_mpagosdolares_lag1	0.000193856783787824	0.00125157769478561	0.000338586676220585
cprestamos_prendarios_lag3	0.000190124901737019	0.00163046466343029	0.00029134202372469
active_quarter_tend12	0.000187825698921703	0.00281591083488997	0.000405516600589771
ctarjeta_debito_delta3	0.000187613448125138	0.00093745355771523	0.000216537990606188
vmr_msaldodolares2	0.000181321054418667	0.000660794256041042	0.000342523730595243
vm_status03_delta2	0.000179615805671606	0.000493818484099351	0.000157482174986319
vmr_mpagado_delta1	0.000170614378519745	0.00160467554534109	0.000354334893719217
cpagomiscuentas_lag1	0.000162184985773881	0.00220803302418113	0.000263782643102084
ctarjeta_debito_lag2	0.000161880141396878	0.000682197682488551	0.000255908534352768
ccajas_extracciones_delta2	0.000161166745865874	0.00117473156983222	0.000318901404347296
cinversion2_lag2	0.00015355636823624	0.00199953092054946	0.000188978609983583
ccallcenter_transacciones_delta1	0.000151501877119685	0.00181075448202071	0.000244097371228794
ctransferencias_emitidas_lag2	0.000150128824700738	0.000917301346322531	0.000283467914975374
ccajas_otras_delta1	0.000143698776036401	0.00142376248262247	0.000161419229360977
cpagomiscuentas_delta1	0.000141082599976963	0.00134767312860076	0.000141733957487687
cextraccion_autoservicio_lag1	0.000136107393786701	0.00117783195044647	0.000259845588727426
catm_trx_lag1	0.000129512160283757	0.000243769019776712	8.26781418678173e-05
cpagomiscuentas_lag2	0.000124855309835043	0.000969212538181914	0.00021260093623153
vmr_msaldodolares2_delta2	0.000118163156007661	0.000907230093472563	0.000267719697476742
ctransferencias_emitidas_lag1	0.000109243008080535	0.00149310684234916	0.000220475044980846
ccuenta_debitos_automaticos_lag1	9.62503380444283e-05	0.00114473850024874	0.000141733957487687
ctarjeta_debito_lag1	9.23717625078458e-05	0.000669753933965639	0.000177167446859609
catm_trx_other_delta1	8.91450121132892e-05	0.000623747290633518	9.44893049917912e-05
vmr_mpagosdolares	8.77885524796368e-05	0.000475372100729882	0.000161419229360977
internet_delta1	8.6957598548835e-05	0.00129873456775022	0.000200789773107556
catm_trx_other_lag1	6.56459171538996e-05	0.000333670267865166	7.08669787438434e-05
cforex_delta2	6.41123702462492e-05	0.00100125825674499	0.000125985739989055
Master_Finiciomora_lag2	6.34625174325424e-05	0.00111210592340133	0.000133859848738371
vmr_mpagosdolares_delta1	5.77875428168594e-05	0.000447036393729785	9.84263593664492e-05
ctarjeta_master_transacciones	5.5871451622637e-05	0.00268425951998613	0.000220475044980846
ccajas_otras	4.64445624325593e-05	0.00262455182075832	0.000204726827482214
cforex_lag2	4.5868756363869e-05	0.000478809029391916	7.87410874931594e-05
ccallcenter_transacciones_lag1	4.33107912446934e-05	0.00023412443926448	6.69299243691855e-05
ccajas_consultas	3.84986228334698e-05	0.000673266701482386	5.11817068705536e-05
catm_trx	3.39792240248781e-05	0.000109220597598852	1.96852718732898e-05
ctarjeta_master_debitos_automaticos_delta1	2.89537199322759e-05	0.000523919513758841	5.90558156198695e-05
ctarjeta_debito	2.28259528272909e-05	0.00110209910206588	9.44893049917912e-05
ctransferencias_emitidas	2.08137004469048e-05	0.000896613872276303	7.48040331185014e-05
ccallcenter_transacciones	1.64559467792716e-05	0.000266435404747117	2.36223262479478e-05
