Feature	Gain	Cover	Frequency
ctrx_quarter	0.0748712982684432	0.00450102682821424	0.00163477863521589
ctrx_quarter_normalizado	0.0636414002244852	0.00384046709140893	0.00149690573826997
vm_status05_delta2	0.0477406776995028	0.00285691179003388	0.000575126941545831
cdescubierto_preacordado	0.0249441046311495	0.00428822377201401	0.00330501030107501
Visa_delinquency	0.0195874539069761	0.0037474956743657	0.00248959059628058
ctarjeta_visa_transacciones	0.0188987200239498	0.00518833213372082	0.00145357425637268
vm_status06_tend12	0.0153854527076409	0.00224296824225119	0.000445132495853965
ctrx_quarter_lag2	0.0135927693646465	0.00299912565968799	0.00439223657413426
cpayroll_trx_lag1	0.0102661398578491	0.00196547287100812	0.000319077275789125
cdescubierto_preacordado_lag1	0.01011483005918	0.00337448725402433	0.0025368613038049
Visa_Finiciomora_tend12	0.0101098350205682	0.00697821804538867	0.00227293318679414
vmr_msaldototal	0.00799644360375767	0.00193258318936651	0.00276139716454539
vmr_mpagospesos	0.00783847780290962	0.00255342079787486	0.00254473975505895
ctrx_quarter_lag1	0.00776421732663386	0.00151872784302219	0.00149690573826997
cpayroll_trx_lag2	0.00761769472986122	0.00302835899462229	0.0005554308134107
cdescubierto_preacordado_tend12	0.00744478106642942	0.00594626861094819	0.00111480085244843
ccomisiones_mantenimiento_tend12	0.00729760665010732	0.0067096415484352	0.00271018723139405
ctrx_quarter_delta2	0.00695792806142643	0.00560816183405122	0.0062003411369393
ctrx_quarter_delta1	0.00682923618696367	0.00332426263346176	0.00203657964917257
ctrx_quarter_normalizado_lag1	0.00680302243995512	0.00169376893310578	0.00149690573826997
ctrx_quarter_normalizado_lag2	0.00658873747025791	0.00288741556907981	0.00437647967162615
vm_status01	0.00657112611793792	0.00248514904007163	0.00115025388309166
thomebanking	0.00599248033895132	0.00319483853896487	0.0114276935440031
cproductos_delta2	0.00594373942797935	0.00232390743553682	0.00042937559334586
thomebanking_lag2	0.00584495109272206	0.00365490629761755	0.0130270191485758
cpayroll_trx_lag3	0.0058214946939143	0.00346817252234689	0.000815419704794432
ctransferencias_recibidas_tend12	0.00552068454894543	0.00639590472731751	0.011411936641495
Visa_cconsumos_tend12	0.00550290891893406	0.00466389060600849	0.0103680418503331
active_quarter	0.00530175695872094	0.00139284899568329	0.00159932560457265
cmobile_app_trx_tend12	0.0046956955753791	0.00787019773015824	0.0102813788865385
ctrx_quarter_normalizado_delta3	0.00468992993547108	0.00351635205992802	0.00633821403388522
ctarjeta_debito_transacciones	0.00442978196354794	0.00267803529639078	0.000709060612864723
cliente_edad_lag3	0.00441857782299847	0.00470973585465847	0.00768148997270117
ctrx_quarter_delta3	0.00440277578902745	0.0029106845710958	0.00639336319266359
cmobile_app_trx_delta2	0.00438515438631379	0.00432226242589623	0.00999775464139259
cprestamos_personales_tend12	0.00437831657068321	0.00366645263389115	0.00109904394994032
ctrx_quarter_normalizado_delta1	0.00434651490229949	0.00314248075333444	0.00206415422856175
ctarjeta_debito_transacciones_lag1	0.00425755040049237	0.00198736675524376	0.000799662802286327
Master_status	0.0040142829996644	0.00232373587898896	0.00116601078559977
cpayroll_trx_tend12	0.00388780942341102	0.00561383373774852	0.00173325927589155
Master_fechaalta	0.00388642320656379	0.00306410610625678	0.00775239603398764
Master_Fvencimiento_lag3	0.00382200609009835	0.00333442108284184	0.0087214455382361
foto_mes	0.00381670293087871	0.00229399791614082	0.00254473975505895
Master_Fvencimiento	0.00379013302733621	0.00406558721763546	0.00841418593932805
Master_fechaalta_lag3	0.00375169732416146	0.00335238896066812	0.00828025226800916
chomebanking_transacciones_lag3	0.00374822845973626	0.00379384720388914	0.0089774952039928
Master_Fvencimiento_lag2	0.00371719090651169	0.00342352690915028	0.00811086556604703
internet_tend12	0.00365418200220799	0.00452916344509432	0.00400619246268569
Master_fechaalta_lag2	0.00359395778727986	0.00294419872022461	0.00751210327073904
Master_Fvencimiento_lag1	0.00357789948950581	0.00315392663098636	0.00805965563289569
chomebanking_transacciones_lag2	0.00356259485798918	0.0039285731044216	0.00837873290868481
Master_fechaalta_lag1	0.00355466427332188	0.00340357211185963	0.00768936842395522
vmr_mpagominimo	0.0035466808778072	0.0028572806479759	0.00428587748220455
Visa_Fvencimiento_tend12	0.00354592748451295	0.00303227419480806	0.00369499363815061
Master_fultimo_cierre_tend12	0.00352349283225453	0.00297016524905103	0.00718908676932289
ctrx_quarter_normalizado_tend12	0.00350287533693082	0.00450617129315478	0.00441193270226939
ccomisiones_otras_tend12	0.00342899330365083	0.00444792481817123	0.00616882733192309
Visa_Fvencimiento_lag3	0.00342193224636494	0.00294295910381014	0.00701576084173373
vm_Fvencimiento	0.00339525637515972	0.00384169416599219	0.00610186049626365
Visa_Fvencimiento	0.00339366404563896	0.0044561330024668	0.00706697077488507
cprestamos_personales_delta3	0.00337986224539822	0.00443619820598771	0.000653911454086356
cliente_antiguedad_lag3	0.00334134260876689	0.0034921761409476	0.00624367261883659
Visa_fultimo_cierre_lag1	0.00331473091064441	0.00117423353421698	0.00189476752659962
vm_Fvencimiento_lag3	0.00318605408107152	0.00332166101963402	0.00681486033475539
Master_cconsumos_tend12	0.00316619836210187	0.0048656626567626	0.00711818070803641
Visa_Fvencimiento_lag1	0.00314514220448923	0.00307285098588306	0.00594035224555557
chomebanking_transacciones_lag1	0.00314348098568065	0.0035456435170554	0.00628306487510685
chomebanking_transacciones_delta3	0.00313923355592455	0.00410566010396645	0.00814631859669026
Master_Finiciomora_tend12	0.00312000936197896	0.00463683839263339	0.000811480479167405
cmobile_app_trx_lag1	0.0031074389756999	0.00417979639725017	0.00713393761054452
ctrx_quarter_tend12	0.00310698343890534	0.00373817686649299	0.00413618690837755
vmr_Master_mlimitecompra_tend12	0.00306324744367809	0.00459751028858886	0.00594823069680962
vmr_msaldototal_delta3	0.00303673509895985	0.00199339491306588	0.00380135273008032
vmr_mpagominimo_delta2	0.00302899717965165	0.00230938399499295	0.00297805457403184
Visa_Fvencimiento_lag2	0.00295790573056087	0.0026683852767317	0.00632245713137712
chomebanking_transacciones_delta2	0.00295363290521854	0.00432999360736582	0.00739392650192825
cprestamos_personales	0.00293120364244582	0.00382607993738677	0.000370287208940467
Visa_cconsumos_lag3	0.00292039550048167	0.00298122745411023	0.00637760629015548
Visa_fechaalta	0.00289140192500486	0.00271404204665956	0.00532189382211245
ctrx_quarter_normalizado_lag3	0.00288869800897076	0.00285522194873949	0.00521159550455572
chomebanking_transacciones	0.00284165824323657	0.00431047050114522	0.00596398759931773
Master_Finiciomora_lag1	0.00282163179481753	0.00339342554312691	0.000535734685275569
vm_status04	0.00280023638152063	0.000411046368730676	0.000590883844053936
cliente_edad_lag2	0.00278664489071269	0.00356598355725042	0.00443162883040452
vmr_mpagominimo_tend12	0.00276836600226884	0.00371898015781385	0.00414012613400458
Visa_fultimo_cierre_tend12	0.00274760754171724	0.0022324598199929	0.0049397889362909
ccomisiones_mantenimiento_delta3	0.00274479627077628	0.0049361048745354	0.00095329260174035
cpayroll_trx	0.00273436491975398	0.00374465787326846	0.000287563470772915
cmobile_app_trx	0.00270847756829646	0.00339852145237824	0.00601125830684204
cproductos_tend12	0.00270170318911858	0.00411267805401657	0.00187507139846449
vm_Fvencimiento_lag2	0.00269671162988873	0.00274101367825257	0.00548340207282053
Visa_fechaalta_lag2	0.00267630268634885	0.00247239879131163	0.00511705408950709
chomebanking_transacciones_delta1	0.00265828688943697	0.00382591294713989	0.005554308134107
vmr_Master_mlimitecompra	0.0026497812633789	0.00367505653672276	0.00544400981655026
ctarjeta_visa_debitos_automaticos_tend12	0.00264043073222961	0.00440510413439499	0.00226899396116711
Master_Fvencimiento_tend12	0.00263116555400775	0.00245619941499627	0.00579854012298262
Visa_fechaalta_lag1	0.00262305288881575	0.00230619374157805	0.00482555139310714
Visa_fechaalta_lag3	0.00260499579797812	0.00249128013595488	0.00559370039037726
vmr_msaldopesos2_lag3	0.00259798563171169	0.00248917651754045	0.00526674466333408
Master_cadelantosefectivo_tend12	0.00259653506251945	0.00190707814620752	0.0078823904796795
Visa_cconsumos	0.00258634594982428	0.00204970151594861	0.00537704298089082
ccomisiones_otras_delta3	0.00257340793384847	0.0036660182360997	0.00690940174980402
vmr_Master_mlimitecompra_lag1	0.00256789023312819	0.00278602808740521	0.00538492143214487
vm_Fvencimiento_lag1	0.00256199922940771	0.00218818959392885	0.00508554028449088
vmr_Master_mlimitecompra_lag3	0.002561682676419	0.00268099853646214	0.00544007059092324
ctarjeta_visa_transacciones_delta2	0.00253949788248048	0.00281153726296329	0.00179628688592397
vmr_mpagospesos_delta3	0.00252889307424475	0.00409445838911426	0.00446708186104776
ctrx_quarter_lag3	0.00252771224060117	0.0026869127020556	0.00532189382211245
vm_fechaalta_lag1	0.00251625708368051	0.00255524727694489	0.00475464533182067
vmr_msaldopesos2_tend12	0.0025143499880297	0.00349655592610011	0.00458919785548557
vmr_mpagominimo_lag3	0.00249459016111067	0.00253712732683241	0.00507766183323682
vm_fechaalta_lag3	0.00245695786814129	0.00232405750360947	0.00504614802822061
vm_fultimo_cierre_tend12	0.00245661611280184	0.00193956636527836	0.00432920896410184
ctarjeta_visa_transacciones_delta3	0.00244626482478174	0.00306631216684444	0.00251322595004274
Visa_cconsumos_lag2	0.00242652084652497	0.00218711155431846	0.00534552917587461
ccomisiones_otras_delta2	0.00242619390972248	0.00227914865659136	0.00599156217870691
vmr_msaldopesos	0.00242305189797559	0.00181130475596708	0.00259988891383732
ccomisiones_otras_lag2	0.00242001893662568	0.00386959027724572	0.00487282210063146
vm_fechaalta_lag2	0.00239158698363761	0.00199106944680676	0.0043843581228802
numero_de_cliente	0.00237306742843909	0.00448576994881939	0.00432920896410184
cliente_edad_lag1	0.00236398270285251	0.00384750907135971	0.00370287208940466
cproductos_delta1	0.00232651749283666	0.00227584540272358	0.00036634798331344
vm_fechaalta	0.00231249023424604	0.00295686235389986	0.00460495475799367
ctarjeta_visa_transacciones_tend12	0.00230844032665301	0.004317337019431	0.00278503251830755
vmr_msaldopesos2_delta3	0.00230739609217223	0.00307512878491877	0.0048334298443612
vmr_mpagospesos_tend12	0.00228745914091413	0.00525227030659327	0.00337985558798851
vmr_mpagominimo_lag1	0.00226775822407203	0.00188001917635992	0.00359257377184793
ccuenta_debitos_automaticos_tend12	0.00224990485859269	0.00357753803435021	0.00126843065190245
vmr_mpagominimo_delta3	0.00224300975965201	0.00243229749473695	0.0041440653596316
vmr_mpagominimo_lag2	0.00219565436701856	0.00208487286041907	0.00365954060750738
ccomisiones_otras_delta1	0.00218495323119118	0.00402043484833948	0.00478615913683688
vmr_mpagospesos_lag1	0.00218402242107125	0.0018624420168668	0.00204445810042662
ccomisiones_otras_lag3	0.0021692835166275	0.00243374569399506	0.00488857900313956
cprestamos_personales_delta2	0.00216904431296589	0.00219041809344352	0.000311198824535073
cproductos_lag3	0.00215332334999912	0.0019489390183111	0.00187113217283746
Visa_delinquency_tend12	0.00214909035518514	0.00366923167227345	0.0018159830140591
cliente_antiguedad_lag2	0.00213783126413791	0.00290189698312502	0.00376196047381006
vmr_mconsumospesos_lag3	0.00212678414293747	0.00261897717690364	0.00443950728165857
Visa_cconsumos_lag1	0.00210497400432062	0.00241427680485041	0.00451041334294504
vmr_Visa_mlimitecompra_lag3	0.00210416057740243	0.00224706504071459	0.00461283320924773
cprestamos_personales_delta1	0.00205461088752065	0.00315446297506315	0.000323016501416152
ccomisiones_otras_lag1	0.00205054681399345	0.00265638728990049	0.00334440255734528
Visa_cconsumos_delta2	0.00204175805368255	0.00188680364586193	0.00405740239583703
vmr_mpagospesos_lag3	0.00201381525324344	0.0028624329438127	0.00423466754905321
cprestamos_personales_lag3	0.00200181211891134	0.002985786006847	0.000906021894216035
Master_fechaalta_tend12	0.00199808011800427	0.00170208466308744	0.0044434465072856
vmr_Visa_mlimitecompra	0.00198547677749241	0.00174079739092276	0.00397467865766948
vm_Fvencimiento_tend12	0.0019795769959083	0.00231243420140298	0.00383680576072356
ctransferencias_recibidas_lag3	0.00196276507593008	0.00152468915928916	0.00430951283596671
tcallcenter	0.00194045876486948	0.00258715786927212	0.00221384480238875
ccajas_transacciones	0.00193846908389866	0.00262740574204222	0.00348621467991822
chomebanking_transacciones_tend12	0.00191317946136007	0.0044302244305375	0.00330107107544799
vmr_msaldototal_lag3	0.00188801751912885	0.00179540128008795	0.00380923118133437
Visa_cconsumos_delta3	0.00188269040476983	0.00195362495224956	0.00430951283596671
vmr_Visa_mlimitecompra_lag1	0.0018720554617555	0.00186404749523395	0.00367529751001548
vmr_msaldototal_tend12	0.00186874129809542	0.00264114142334919	0.00333652410609123
cliente_edad	0.0018653202770401	0.00241556191897877	0.00300562915342102
ctarjeta_visa_transacciones_lag1	0.00186011766535845	0.00339694578927047	0.00111480085244843
internet	0.00183481289853098	0.00160635460105138	0.000185143604470233
vmr_mpagominimo_delta1	0.00182715888526403	0.00225970600818088	0.00248959059628058
cpayroll_trx_delta3	0.00182688332830064	0.00329438427235483	0.000724817515372828
vmr_msaldopesos_tend12	0.00179977199839505	0.00232312800308407	0.00321046888602639
ctarjeta_visa_transacciones_lag3	0.00178902114139015	0.00283656303047681	0.00383680576072356
vmr_msaldopesos_delta3	0.00178331447566378	0.00176008953735869	0.00354530306432362
vmr_Visa_mlimitecompra_tend12	0.00177959813523614	0.00411532107448311	0.00333652410609123
active_quarter_lag1	0.00177224788086108	0.000899728449597253	0.00126449142627542
ccomisiones_otras	0.0017675806055094	0.00250008412955001	0.00293866231776157
vm_status02_delta2	0.00175497941272796	0.00107091359809791	0.000811480479167405
vmr_msaldototal_delta2	0.00175334422190066	0.00157134658965461	0.00250140827316166
Master_fultimo_cierre_lag2	0.00173472647410661	0.00244705625474652	0.00356105996683172
cliente_antiguedad_lag1	0.00173440259172604	0.00277635606272102	0.00311592747097776
ccaja_ahorro	0.0017120099985431	0.00532411956492933	0.000417557916464781
vm_fechaalta_tend12	0.00170621013192997	0.00305221814455112	0.00265109884698866
vmr_msaldopesos_lag3	0.00170593633393225	0.00174421812889643	0.00365166215625332
vmr_Visa_mlimitecompra_lag2	0.00170569908709425	0.00169067944824248	0.00341136939300472
Master_fultimo_cierre_lag1	0.00169726671237199	0.00260121722073715	0.00358075609496685
tcallcenter_delta3	0.00168718440725876	0.00139594271625565	0.00183567914219423
Visa_cconsumos_delta1	0.00167779474043893	0.00235117767428747	0.00365166215625332
Master_fultimo_cierre_lag3	0.00166530299863571	0.00183970578440238	0.00377771737631816
vmr_msaldototal_lag1	0.00164745206273761	0.00233166903146365	0.00241474530936709
ctarjeta_visa_transacciones_lag2	0.00163674393988994	0.00190184690088627	0.00322228656290746
Master_fultimo_cierre	0.00160548180595911	0.00148893266710876	0.00356893841808577
vmr_msaldopesos2_lag2	0.00159695663037112	0.00241486182858838	0.00323804346541557
ccaja_seguridad_lag3	0.00158875518998164	0.00081997856076727	0.000275745793891837
vmr_msaldopesos_lag1	0.00157424612510539	0.0016781284431042	0.00242656298624816
Master_cconsumos_lag3	0.00157385397711373	0.00223838274627241	0.00377771737631816
ctransferencias_recibidas_delta3	0.00156905862795082	0.00176032781148973	0.0037225682175398
ctarjeta_debito_transacciones_tend12	0.0015599198559667	0.00491128698735767	0.00236353537621574
cextraccion_autoservicio	0.00155579160964723	0.00303868375240341	0.000271806568264811
cliente_antiguedad	0.00155530867433115	0.00193336520456869	0.00275351871329134
vm_cconsumos_tend12	0.00155424962490718	0.0020734028702185	0.00219020944862659
vmr_msaldopesos_lag2	0.00155391228189276	0.00159705705437194	0.00248565137065356
ctransferencias_recibidas_lag2	0.00153202146658897	0.00163320013248642	0.00299775070216697
vmr_mconsumospesos	0.00152391173339287	0.00228665189492762	0.00224141938177793
ccajas_consultas_tend12	0.00151644265513455	0.00460099303321075	0.00201688352103743
ctarjeta_visa_debitos_automaticos_delta3	0.00149012661765728	0.00133769289402885	0.00300956837904805
vm_status04_delta1	0.00148806697520832	0.00119212136747305	0.000193022055724286
ccaja_ahorro_lag3	0.00148112449610025	0.000806255194009565	0.000484524752124228
vmr_mconsumospesos_delta2	0.00146810351187904	0.00301253944776851	0.00220596635113469
vmr_mconsumospesos_delta3	0.00146309265129324	0.00219982547929054	0.00311986669660478
vmr_mconsumosdolares_lag3	0.00145726544513527	0.00152700642273611	0.00324592191666962
Master_cconsumos_lag2	0.00145395135494374	0.00180455894505847	0.00347045777741012
ctarjeta_debito_transacciones_lag3	0.00144930378557968	0.00276033481346806	0.00289139161023726
cproductos_delta3	0.00144676870429821	0.00191118885019383	0.000854811961064694
ctransferencias_recibidas	0.00144237139495518	0.00288445970534081	0.00239898840685898
Visa_fultimo_cierre_lag2	0.00144066021815948	0.00135829032070065	0.00204445810042662
cpagomiscuentas_tend12	0.00143900803998613	0.00378888191977278	0.00150872341515105
vmr_mpagospesos_delta2	0.00143550781228172	0.00278320053465769	0.00286381703084808
vmr_msaldopesos2_delta2	0.00142691063105497	0.00246553731455274	0.00314744127599397
vmr_mconsumospesos_tend12	0.00141617617499053	0.00400511441264676	0.00263928117010758
Visa_cadelantosefectivo_tend12	0.00139414821645368	0.00306212586061693	0.00312380592223181
ccajas_transacciones_delta3	0.00139302365052687	0.00204274315509324	0.00264715962136163
ctransferencias_recibidas_lag1	0.00138724285011869	0.00146969068799768	0.00248959059628058
vmr_msaldopesos2_lag1	0.00138203357960405	0.00169720845283328	0.00265109884698866
vmr_msaldototal_lag2	0.00137676448461643	0.0017248683974793	0.00258413201132921
ctransferencias_emitidas_tend12	0.00135846103321161	0.00391666361291672	0.00217051332049146
ccomisiones_mantenimiento_lag3	0.00131868101580209	0.00165238425801036	0.00122115994437813
thomebanking_tend12	0.00131458069256148	0.00401762956922301	0.00220202712550767
ctarjeta_debito_transacciones_lag2	0.00131456871125671	0.00195761395708292	0.00220596635113469
vm_fultimo_cierre	0.00131250497052497	0.00284927914562039	0.00267473420075082
ccajas_transacciones_tend12	0.0013067653298527	0.00319575367940346	0.0023123254430644
ctarjeta_visa_debitos_automaticos_lag3	0.00128854893784327	0.00178657203753443	0.00252110440129679
vmr_msaldopesos_delta2	0.00128450694642986	0.00188884372864049	0.00265503807261569
vmr_mconsumospesos_lag2	0.00128425498517032	0.00203736101521953	0.00261564581634542
ccaja_ahorro_lag2	0.00127623050818835	0.00188195855257285	0.000476646300870175
vm_status01_lag1	0.00126808351884544	0.00245636588869327	0.000634215325951225
active_quarter_lag2	0.00125641253025	0.00228792345478699	0.0022965685405563
vm_fultimo_cierre_lag2	0.00125315366100823	0.00166429905964805	0.00251322595004274
Master_cconsumos_lag1	0.00124467251376273	0.00158269638902789	0.00315925895287504
ccallcenter_transacciones_tend12	0.00123170470046958	0.00282752617619343	0.0019065852034807
cextraccion_autoservicio_tend12	0.00123069893923452	0.00274339997342617	0.00206809345418878
Visa_fultimo_cierre	0.00121343786170572	0.00149527918495612	0.00224141938177793
tcallcenter_tend12	0.00121185708076597	0.00363315004293332	0.00203657964917257
Master_cconsumos	0.0012059212059124	0.00133746125239833	0.00290320928711834
tcallcenter_lag3	0.00119677837842049	0.00126133398989915	0.00245807679126437
Visa_fultimo_cierre_lag3	0.00118971929464543	0.00132575129378311	0.00242262376062114
vm_fultimo_cierre_lag1	0.00117921047220819	0.00171889486997304	0.00235959615058872
vmr_mconsumosdolares_tend12	0.00117643874971255	0.0040429654732876	0.00195385591100501
ccajas_depositos_tend12	0.00117620109170242	0.00599161036809407	0.00162690018396184
Master_cconsumos_delta1	0.00111321561629898	0.0017889017601646	0.00256049665756706
ctransferencias_recibidas_delta2	0.00111258460124397	0.00203265801447287	0.00248171214502653
ccomisiones_mantenimiento_delta1	0.00110759024953813	0.00460359514292637	0.000472707075243149
ccomisiones_mantenimiento_delta2	0.00108834730319708	0.00302708985221639	0.000413618690837755
tcallcenter_delta2	0.00108559369200212	0.0016117938093564	0.00163083940958886
ctarjeta_debito_transacciones_delta2	0.00105747568052543	0.00293663535548172	0.00142993890261053
ctarjeta_visa_debitos_automaticos_lag1	0.00104808615119419	0.00170914943321916	0.00193022055724286
ctarjeta_visa_debitos_automaticos_lag2	0.00104427431109948	0.00183251617449442	0.00200900506978338
ccaja_seguridad_lag2	0.00104163219394559	0.000740123275098714	0.000149690573826997
cprestamos_personales_lag2	0.00103669900639424	0.00312163910187691	0.000567248490291778
ctarjeta_visa_debitos_automaticos_delta2	0.00103042753666363	0.000931625652951458	0.00190264597785367
vmr_msaldopesos2	0.00102988001706751	0.00107432516214562	0.00196173436225907
vm_cconsumos_lag3	0.00102513427963484	0.00190761823010547	0.00200900506978338
vm_status01_tend12	0.00101916890408382	0.00420314730341596	0.00125267374939434
vmr_mconsumospesos_lag1	0.00101181220430879	0.00136737054451239	0.0021468779667293
vmr_msaldopesos2_delta1	0.000994135727903379	0.00212364792549453	0.00232808234557251
vmr_msaldopesos_delta1	0.000979707087446306	0.00150071295915636	0.00189870675222665
Master_cconsumos_delta3	0.000977442330202146	0.00160907268654723	0.00232808234557251
Master_cconsumos_delta2	0.000977333890586621	0.00146701671586202	0.00228475086367522
cliente_edad_tend12	0.000974834443376187	0.00217511654281459	0.00179234766029694
catm_trx_tend12	0.000969552144614737	0.0026718337637652	0.00169780624524831
ctarjeta_master_transacciones_tend12	0.000962133936424485	0.00296949268043852	0.00116207155997274
ctarjeta_debito_tend12	0.000918410981212684	0.00401210066719592	0.00092177879672414
catm_trx_other_tend12	0.000915024332469198	0.00311081665861242	0.00143387812823755
vmr_msaldototal_delta1	0.000899709239934988	0.00128816995483031	0.00195779513663204
thomebanking_delta2	0.000896689852103383	0.00146347648956891	0.00175295540402668
vmr_mconsumosdolares_lag2	0.000889651260582381	0.00151381357337248	0.00194203823412394
ccajas_extracciones_tend12	0.000886862506964949	0.00300269464747871	0.00153235876891321
vmr_mpagospesos_delta1	0.000881643673172424	0.00333863350583154	0.00207991113106985
vmr_mconsumosdolares_delta3	0.000874477931640479	0.00170054788585502	0.00167811011711318
Visa_status_tend12	0.000873825474790532	0.00270378070054235	0.00105965169367006
ctarjeta_debito_transacciones_delta3	0.000865708957783671	0.00154086735705923	0.00163871786084292
cplazo_fijo_tend12	0.0008582187382822	0.00330021622386856	0.000575126941545831
ctransferencias_recibidas_delta1	0.0008557712592953	0.00130201190077966	0.00170174547087534
cproductos_lag1	0.000839103350453432	0.00175091158230868	0.000504220880259359
ctarjeta_visa_debitos_automaticos	0.000818997407015436	0.00178440029652114	0.00160326483019968
Visa_cadelantosefectivo_lag1	0.000809047717093221	0.000820973518494121	0.0015756902508105
cextraccion_autoservicio_lag3	0.000787247638619526	0.00143286940054595	0.00131176213379974
vmr_msaldodolares2_tend12	0.000786955649477133	0.00374175354054601	0.00118176768810787
vm_cconsumos_delta2	0.000769031161613561	0.0011020077730006	0.000535734685275569
vm_fultimo_cierre_delta2	0.000766856028321522	0.00159555784064717	0.000740574417880933
cforex_sell_tend12	0.000760388967464055	0.00526615808084843	0.000929657247978192
vm_cconsumos_delta3	0.000743198644446359	0.00198768635498872	0.00119752459061598
ctarjeta_debito_lag3	0.000737735860629254	0.00133450557461729	0.00116601078559977
vmr_Master_mlimitecompra_delta3	0.000721567388680672	0.00223545624322888	0.00145357425637268
tcallcenter_delta1	0.000720175698297894	0.00144388152092829	0.000842994284183615
cplazo_fijo_lag1	0.000717867849628027	0.00188650720821382	0.000200900506978338
cpagomiscuentas	0.000716950440042138	0.00232293512335694	0.000189082830097259
Master_status_tend12	0.000703494432707636	0.00179959512794378	0.00108722627305924
internet_delta3	0.000696558935296529	0.00100782207114927	0.00110692240119437
vmr_mconsumosdolares	0.000691845703170713	0.00153607860903163	0.00132751903630784
ctarjeta_visa_transacciones_delta1	0.000690554998326626	0.00405790692666056	0.000598762295307988
vmr_msaldodolares_tend12	0.000682990110601099	0.00365801433695273	0.00100844176051872
vmr_mconsumosdolares_lag1	0.000681683098097411	0.00180440028159574	0.00151266264077808
vmr_mconsumospesos_delta1	0.000675150523120784	0.00145775681533822	0.00135115439007
Visa_fultimo_cierre_delta1	0.000652173539106952	0.000436188669898294	0.00133933671318892
vmr_mpagado_tend12	0.000645009471588464	0.00284699018910716	0.00109116549868627
cextraccion_autoservicio_delta2	0.000639912526651833	0.00197353823959143	0.000803602027913353
ctarjeta_master_delta3	0.000638317892012471	0.000345002242638312	0.000204839732605364
cproductos_lag2	0.000633714131345957	0.00133388228486383	0.000634215325951225
ccomisiones_mantenimiento	0.000629357377574214	0.00468049049444284	0.00036634798331344
vmr_Master_mlimitecompra_delta2	0.000625238250550252	0.00153068188178916	0.00116601078559977
cpagomiscuentas_delta2	0.00060105576128645	0.00167244575384529	0.000271806568264811
thomebanking_delta1	0.00060060029356553	0.00140298959309934	0.00102813788865385
ccomisiones_mantenimiento_lag2	0.000576060722579961	0.00107951655047773	0.000346651855178309
catm_trx_lag1	0.000538965520899167	0.00070810315353383	0.000153629799454023
ctarjeta_master_transacciones_delta3	0.000521528819588558	0.00220761036128619	0.000752392094762012
catm_trx_lag3	0.000518242169761102	0.00171476139646779	0.000937535699232245
ccheques_depositados_tend12	0.000517651177482621	0.00415235689543315	0.000783905899778222
cforex_tend12	0.000514314161160691	0.00230684635070299	0.000870568863572799
vmr_mpagosdolares_tend12	0.000509805801032137	0.0021953864561972	0.000811480479167405
ctarjeta_visa_debitos_automaticos_delta1	0.000500675733506313	0.00095502780086586	0.00110692240119437
cextraccion_autoservicio_delta3	0.000491034446609525	0.00123727280697923	0.000933596473605219
Master_status_delta2	0.000485358154131839	0.000279482456003402	0.000417557916464781
ctarjeta_master_debitos_automaticos_tend12	0.000484678322740688	0.00313916264349196	0.000626336874697172
cliente_edad_delta3	0.000483720892903173	0.000585162669223826	0.00089026499170793
cplazo_fijo	0.000477347488315195	0.00303040382965979	0.000228475086367522
ccallcenter_transacciones_delta3	0.000467410818396675	0.00153272365885133	0.000701182161610671
vmr_mpagado_delta3	0.000463070618607799	0.00176011575743087	0.000748452869134986
vm_status02_delta1	0.000462148564231532	0.000431115922743814	0.000606640746562041
vm_cconsumos	0.000460940123403149	0.000440257512681912	0.000346651855178309
vm_cconsumos_lag2	0.000456389624238518	0.00118024865431999	0.00085875118669172
ccaja_seguridad_lag1	0.000451164424148788	0.00257808384405901	0.000299381147653994
ccallcenter_transacciones_delta2	0.00044594897159735	0.00139032767436971	0.000598762295307988
vmr_Visa_mlimitecompra_delta1	0.000436550700615613	0.00334534111271064	0.000732695966626881
vm_cconsumos_lag1	0.000434485869501317	0.00113751780889978	0.000701182161610671
ccuenta_debitos_automaticos_delta2	0.000431076358710108	0.00164354195707574	0.000208778958232391
ccuenta_debitos_automaticos	0.000428941420858632	0.0030108149976318	0.000224535860740496
ctarjeta_debito_transacciones_delta1	0.000425926203956789	0.00345635427421373	0.0005554308134107
vmr_mconsumosdolares_delta2	0.000422179873498671	0.00252804352849547	0.000878447314826851
vmr_msaldodolares2_lag3	0.000416369983443361	0.00233684174135192	0.000866629637945773
vm_Fvencimiento_delta1	0.000413413899816126	0.000820198032482488	0.000342712629551283
cproductos	0.000412148308457887	0.00127513297956004	0.000165447476335102
ctarjeta_master_transacciones_lag2	0.000408271029799479	0.00169425405609595	0.000752392094762012
vmr_Visa_mlimitecompra_delta2	0.00040404609080363	0.00145578692135807	0.000689364484729592
ctarjeta_master_transacciones_lag3	0.000396428445100955	0.00175401466276496	0.000842994284183615
ctarjeta_master_descuentos_delta1	0.000395322078534356	0.00120596143318081	0.000736635192253907
vm_status04_delta2	0.000374530552063104	0.000990812744613936	0.000287563470772915
vmr_mpagado_lag3	0.000363471540400241	0.00114910040697532	0.000728756740999854
vm_status03_delta2	0.000361657385289353	0.00136634746580979	0.000240292763248601
ctarjeta_visa_descuentos_tend12	0.000357465063318359	0.00280010053857533	0.000575126941545831
ccajeros_propios_descuentos_delta3	0.000355486561383769	0.000958172246636944	0.000819358930421458
Master_status_delta1	0.000354589727915759	0.000261515012079028	0.000338773403924257
vm_status05_tend12	0.000351899780709301	0.00138373860535826	0.000389983337075598
ccajas_consultas_delta2	0.000348252708247246	0.00123103784324508	0.000358469532059388
Visa_status_lag2	0.000343706804152512	0.000660244434755393	0.000287563470772915
ccajas_consultas_delta1	0.000323722692717745	0.00204751582808842	0.000240292763248601
vmr_mpagado_lag1	0.0003187980120514	0.00129703808325919	0.000543613136529621
vmr_mpagado_delta2	0.000312189471558452	0.00164713086303003	0.000480585526497201
ctransferencias_emitidas_lag3	0.000307994189980734	0.00110381524303486	0.000571187715918805
cpagomiscuentas_delta3	0.000306649317174958	0.00150635043996931	0.000405740239583703
catm_trx_lag2	0.000306110369120334	0.00123722943745087	0.000626336874697172
vmr_msaldodolares2_delta3	0.000302080169363202	0.00282974684481184	0.000685425259102566
ccajas_depositos_lag1	0.000300767646759076	0.00175727727448778	0.000181204378843207
ctransferencias_emitidas_delta3	0.00029388559772815	0.00165541188085941	0.000512099331513411
vmr_msaldodolares_delta3	0.000288811360250217	0.00136810499580114	0.000543613136529621
ctarjeta_visa_descuentos_delta2	0.000288499000844634	0.000373767087488746	0.000539673910902595
catm_trx_delta2	0.00028513790028759	0.000922505964728492	0.000476646300870175
vm_Finiciomora_lag2	0.000279942271949936	0.00269894711598471	0.000496342429005306
ctarjeta_debito_delta2	0.000275485583962888	0.00153259906701903	0.000204839732605364
vmr_msaldodolares2_lag2	0.000267554834836615	0.00169433005091506	0.000500281654632332
vm_cconsumos_delta1	0.000266244998901576	0.000823807455798221	0.000240292763248601
ccajeros_propios_descuentos_tend12	0.000258295391287427	0.00324879936484699	0.00052391700839449
vmr_mpagosdolares_lag3	0.000257869776800933	0.00094117488339695	0.000468767849616122
ctarjeta_debito_lag2	0.000251894078659551	0.000751526196462185	0.000350591080805335
vmr_mconsumosdolares_delta1	0.000249529313485951	0.00108893980473722	0.000527856234021516
ctransferencias_emitidas_delta1	0.000247093293645475	0.00252692935105512	0.000342712629551283
ccomisiones_mantenimiento_lag1	0.000245566854225087	0.0027609599834631	0.000382104885821545
ccuenta_debitos_automaticos_lag3	0.000245260061572993	0.000547626208125059	0.000362408757686414
Visa_Fvencimiento_delta2	0.000238611597921482	0.000271985870829669	0.000326955727043178
tcuentas_tend12	0.000237037828079402	0.00266434281931621	0.000393922562702624
vm_status02_lag1	0.000236342293590408	0.00115082886553913	0.00046088939836207
active_quarter_tend12	0.000227645684298979	0.00332565440481041	0.00052391700839449
cseguro_vida_tend12	0.000220253014193859	0.00282137950116565	0.000480585526497201
vmr_msaldodolares_lag2	0.000218510778698536	0.000759725000211836	0.000409679465210729
cpagomiscuentas_lag1	0.000215215711857884	0.00222671008255889	0.000311198824535073
vmr_mpagado_lag2	0.000212758171019563	0.00140187004354018	0.000449071721480991
vm_status05_delta1	0.000211602291000778	0.000717339912622775	0.000173325927589155
cseguro_accidentes_personales_tend12	0.000188294853416447	0.00322799013206026	0.000413618690837755
vmr_mpagosdolares_lag1	0.000187706448539647	0.00179416063057371	0.000374226434567493
ccallcenter_transacciones_delta1	0.000187088637146441	0.00239619896388458	0.00033483417829723
vmr_msaldodolares2	0.000179112355611848	0.00135651363703956	0.000389983337075598
ctarjeta_debito_delta3	0.000178346885557551	0.000889527725774569	0.000244231988875627
cprestamos_prendarios_lag3	0.000175555640995423	0.00148294418031783	0.000248171214502653
ctarjeta_master_transacciones_delta1	0.000172456266064572	0.00186806588142478	0.000216657409486443
cinversion2_lag2	0.000162399064236258	0.00208801579786449	0.000212718183859417
vmr_mpagado_delta1	0.000153116550582037	0.00174217021522162	0.000319077275789125
cextraccion_autoservicio_lag1	0.000151430013350004	0.0015035826830365	0.000267867342637784
vm_status03_tend12	0.00014856247527448	0.00180738998968322	0.00030332037328102
ccajas_extracciones_delta2	0.000146238963155086	0.0010788769170859	0.000295441922026968
cpagomiscuentas_lag2	0.000140815903664698	0.00127937798651651	0.000248171214502653
vmr_msaldodolares2_delta2	0.000139396650875915	0.00111470233768298	0.000279685019518863
ctransferencias_emitidas_lag2	0.000134072601915542	0.000852352973567406	0.000240292763248601
ccajas_otras_delta1	0.000129179250599577	0.00145695083222137	0.000185143604470233
ctarjeta_master_transacciones	0.000117469800544945	0.00297838068570698	0.000267867342637784
ctransferencias_emitidas_lag1	0.00011235901620877	0.000890023489692376	0.000165447476335102
ccuenta_debitos_automaticos_lag1	9.83011281287839e-05	0.00103677374176218	0.000173325927589155
cpagomiscuentas_delta1	9.72921408274562e-05	0.00145395405773146	0.000177265153216181
ctarjeta_debito_lag1	9.11346645472264e-05	0.000636376152224599	0.000161508250708076
vmr_mpagosdolares	8.69762206755302e-05	0.000683320577706256	0.000177265153216181
internet_delta1	8.34088346144529e-05	0.00115643219207368	0.000185143604470233
catm_trx_other_delta1	7.63143783754393e-05	0.000777366542482648	0.000106359091929708
cforex_delta2	7.30800953934313e-05	0.000870584663751046	0.000141812122572945
Master_Finiciomora_lag2	6.08991252961079e-05	0.00164763528432391	0.000173325927589155
cforex_lag2	6.04607709491006e-05	0.000492482049103958	0.000118176768810787
vmr_mpagosdolares_delta1	4.95618783451283e-05	0.000374956082014468	9.06021894216035e-05
catm_trx	4.93252256654963e-05	1.96607977579922e-05	1.96961281351312e-05
ccallcenter_transacciones_lag1	4.66716793626963e-05	0.000511313804958221	0.000110298317556735
ccajas_consultas	4.09405582796483e-05	0.000512873331047585	4.33314818972886e-05
ccajas_otras	3.2551573807053e-05	0.0025001318794214	0.000189082830097259
ctarjeta_debito	2.35920004159854e-05	0.00144064128614649	0.000114237543183761
catm_trx_other_lag1	1.9732824397991e-05	0.000307256392878086	4.72707075243149e-05
ctarjeta_master_debitos_automaticos_delta1	1.47092912185217e-05	0.00036469607892696	4.33314818972886e-05
ctransferencias_emitidas	1.24917025677986e-05	0.000975173411684093	7.48452869134985e-05
ccallcenter_transacciones	7.91662236757798e-06	0.000536808744401458	4.33314818972886e-05
