Feature	Gain	Cover	Frequency
ctrx_quarter	0.0829635324637853	0.00402391404808265	0.00159537380987083
ctrx_quarter_normalizado	0.0732150957546427	0.00478801941230009	0.00166627931253176
vm_status05_delta2	0.0477615381418129	0.00318258074922269	0.000575122410471955
cdescubierto_preacordado_tend12	0.0251813177073652	0.00515911080522109	0.00115812321012846
Visa_delinquency	0.0205844544701083	0.00344914561834779	0.00235563836617965
cdescubierto_preacordado	0.0174716969738805	0.00440643085832804	0.00351376157630811
ctarjeta_visa_transacciones	0.0143497299047212	0.00556902468104774	0.00151265072343309
ctrx_quarter_lag2	0.0106019066428088	0.00251313592441363	0.00431341807853966
Visa_Finiciomora_tend12	0.0103944396039128	0.00728829800026575	0.00224140172300371
ctrx_quarter_lag1	0.00964261729678066	0.00179085500738656	0.00145750199914126
vm_status01	0.00961675707280607	0.00188245504815491	0.00108327851287526
vmr_mpagospesos	0.00897763397132376	0.00250623674609525	0.00247381420394786
ctrx_quarter_delta2	0.00797134900312613	0.00464272147478352	0.00563698746154361
vm_status06_tend12	0.00775899365484205	0.00239512592204574	0.000445128988926924
ccomisiones_mantenimiento_tend12	0.00681805600404047	0.00658227879199642	0.00267077393356154
cproductos_delta2	0.00662033177502289	0.0020602785966585	0.000393919459227366
cpayroll_trx	0.00657276380906877	0.00415633547194278	0.000315135567381893
thomebanking	0.00618570646476483	0.00340871465230321	0.0114079075392245
thomebanking_lag2	0.00582193026202025	0.00366190623868938	0.0132199370516704
ctransferencias_recibidas_tend12	0.00564316121777079	0.00618835634745109	0.0111282247231731
Visa_cconsumos_tend12	0.00560405115731514	0.00511576855927308	0.010651582177508
ctrx_quarter_normalizado_delta1	0.00553143206224906	0.00317275875960755	0.00191050937725273
cpayroll_trx_lag1	0.00541704553837599	0.00207552098873791	0.000311196372789619
ctarjeta_debito_transacciones	0.00538123053936229	0.00333694169341476	0.000665723886094249
active_quarter	0.0050461467954886	0.00155722902018031	0.00156779944772492
cmobile_app_trx_tend12	0.0049346481594013	0.00709005674110728	0.0100961557399974
ctrx_quarter_delta3	0.00491779821784276	0.00296137340415271	0.00634998168274515
cliente_edad_lag3	0.00489416309799188	0.00564829663871988	0.00813443683304512
ctrx_quarter_lag3	0.0046782966789885	0.00294349788525369	0.00548729806703721
ctrx_quarter_delta1	0.00441716335421861	0.00344045834290515	0.00189475259888363
Master_Fvencimiento	0.00438344553430724	0.00420400934374405	0.00856774823819522
cpayroll_trx_tend12	0.00430480231026992	0.0056871425813261	0.00193414454480637
cpayroll_trx_lag2	0.00427903220532385	0.00244552995567032	0.000539669659141492
active_quarter_lag2	0.00425510723958876	0.00271816593626516	0.00229655044729555
cdescubierto_preacordado_lag1	0.00421906239514995	0.0036701747490762	0.00264319957141563
cprestamos_personales_tend12	0.0042166465934757	0.00453457942048247	0.00128023824248894
vmr_msaldototal	0.00408004761623005	0.00198058087571176	0.00258017245793925
Master_Fvencimiento_lag3	0.00405744162979379	0.00334144284328418	0.00881591749750846
vmr_msaldopesos	0.00402925240319698	0.00214045514200135	0.00258411165253152
cpayroll_trx_lag3	0.00396237485142273	0.00280152980468452	0.00075238616712427
ccomisiones_mantenimiento_delta3	0.00396217915212322	0.00489523463086175	0.000886318783261574
ctrx_quarter_normalizado_lag3	0.00388361204109059	0.0027320180851806	0.00541639256437629
ctrx_quarter_tend12	0.00385318931579547	0.0036457712081367	0.00422281660291737
cmobile_app_trx_delta2	0.00381884946146548	0.00452865249320983	0.0100685813778515
Master_fechaalta	0.00377623259475264	0.00316762697621997	0.00813049763845284
cprestamos_personales_delta3	0.00376100099332311	0.00440469222920997	0.000579061605064229
Master_Fvencimiento_lag2	0.00373606191015472	0.00324302958739235	0.00800838260609236
ctrx_quarter_normalizado_delta3	0.00371911410702185	0.00335235511360512	0.00662178610961203
chomebanking_transacciones_lag3	0.00368575423492183	0.0034236828395476	0.008780464746178
foto_mes	0.00367917929271924	0.00265504716273412	0.0025722940687547
Master_fultimo_cierre_tend12	0.00363534396146358	0.00301981128848776	0.00746871294695087
cliente_antiguedad_lag3	0.00362908876013966	0.00383529987292369	0.00659421174746611
chomebanking_transacciones_lag2	0.00361101867318971	0.0039066626317405	0.00857562662737977
Master_fechaalta_lag2	0.00360730654767413	0.00286022000091942	0.00775233495759457
Master_fechaalta_lag3	0.00359025845401162	0.0035496400400543	0.00806353133038419
Visa_Fvencimiento	0.00356230170948713	0.00447417643631349	0.00705509751476213
Master_Fvencimiento_lag1	0.00352319382448079	0.00328285782923307	0.00799262582772326
Master_fechaalta_lag1	0.00351407145618653	0.00298543566180791	0.00733084113622129
cproductos_delta3	0.00347778389229269	0.00198975219810184	0.000783899723862459
ccomisiones_otras_tend12	0.00346689990970846	0.00420897009902068	0.00572364974257363
vmr_mpagominimo	0.003461741204262	0.00241696253722628	0.00433311405150103
Visa_Fvencimiento_lag3	0.00344534967714666	0.00320627128656445	0.00724417885519127
internet_tend12	0.00338367653764191	0.00458675314696043	0.00386434989502046
ctarjeta_debito_transacciones_lag1	0.00338194118887372	0.0016237504948047	0.000697237442832438
cprestamos_personales_delta2	0.00329089352174541	0.00310765529123	0.000437250599742377
chomebanking_transacciones_delta3	0.00321680501107066	0.00413992918207403	0.00790990274128552
Master_cconsumos_tend12	0.00320402391115422	0.00518303514574078	0.0074332601956204
cmobile_app_trx_lag1	0.00320320926160786	0.00426781450675124	0.0072993275794831
chomebanking_transacciones_lag1	0.00311204758011292	0.00345018488517219	0.00621604906660784
ccomisiones_otras_delta3	0.00311147293011514	0.00333113925087562	0.00681086745004117
vmr_mpagominimo_tend12	0.00306110295836591	0.00348066066565252	0.00414009351647962
vm_Fvencimiento_lag3	0.00305737523668986	0.00308923581227469	0.00649573188265927
Visa_fechaalta	0.00304930334246873	0.00284234907786557	0.00557396034806723
ctarjeta_visa_transacciones_delta2	0.00304926698182625	0.00277134928636618	0.0017647591773386
chomebanking_transacciones_delta2	0.00301544658101714	0.00399942930691508	0.00733871952540584
Visa_Fvencimiento_lag2	0.00301533591618149	0.00261308843330397	0.00620817067742329
ctrx_quarter_normalizado_lag1	0.00300424665211242	0.00262951933183458	0.00158749542068629
Visa_cconsumos	0.00299665288136789	0.00240716603366163	0.00590091349922595
ctrx_quarter_normalizado_tend12	0.00299217169959298	0.00435805465782395	0.00421887740832509
vm_Fvencimiento_lag1	0.0029771751771019	0.00250951544292983	0.00528245994823898
vm_Fvencimiento	0.00295337540968167	0.00439795060482011	0.00601908933699416
vmr_Master_mlimitecompra_tend12	0.00294811486458682	0.00449704438004041	0.00575122410471955
Master_Finiciomora_lag1	0.00286845310572835	0.00347496735354596	0.000594818383433323
Master_Fvencimiento_tend12	0.0028631178718063	0.00283553283366231	0.00599151497484824
cmobile_app_trx	0.0028554290218436	0.00327279627074333	0.00605060289373235
Visa_Fvencimiento_lag1	0.00283944996835125	0.00305062177183771	0.00584576477493412
Master_cadelantosefectivo_tend12	0.00283363961960201	0.00200669753882863	0.00816201119519103
Visa_cconsumos_lag2	0.00281836408619446	0.0020915225099884	0.00527852075364671
Visa_cconsumos_lag3	0.00281523157230765	0.00291359046458947	0.00633028570978378
cliente_edad_lag2	0.00280507707206897	0.00384849615295295	0.0045615873378529
vmr_mpagominimo_delta2	0.00279069217615226	0.00216994149968717	0.0032301395656644
vmr_mpagominimo_lag3	0.00278780717333363	0.00231260704154131	0.00505004746729484
vm_status04	0.00276438462184858	0.000563274200074157	0.000630271134763786
ctarjeta_visa_debitos_automaticos_tend12	0.00276419428950567	0.00443357699076301	0.00230836803107237
vmr_msaldopesos2_tend12	0.00275558797556754	0.00311153708829213	0.00449462102978425
Visa_fultimo_cierre_tend12	0.00274111834049658	0.00211456745642499	0.00505004746729484
Master_status	0.0027366117147673	0.00215196723278761	0.00107933931828298
vmr_msaldopesos2_lag3	0.00271350662685543	0.0024198730024117	0.00511701377536349
chomebanking_transacciones	0.00270227686672431	0.00425287391546807	0.00562910907235907
Visa_fechaalta_lag1	0.00266022992827277	0.0024883709202515	0.00493187162952663
vm_fechaalta_lag1	0.00265158799908361	0.00246533685761188	0.00438826277579286
chomebanking_transacciones_delta1	0.00265091244838366	0.00384112339368	0.00566456182368953
vmr_Master_mlimitecompra	0.00264555689856038	0.00360937750406224	0.00537306142386128
Visa_fechaalta_lag2	0.0026338505147602	0.00224889732588222	0.00495944599167254
Visa_fechaalta_lag3	0.00262964075908978	0.00244415713493759	0.00565668343450498
ccomisiones_otras_lag1	0.00261121349694341	0.00298388945237104	0.00339952493313217
ccomisiones_otras_lag2	0.00260504858949138	0.00393088208819073	0.00500671632677983
vm_fechaalta	0.00258838228914705	0.00298241825966146	0.00471915512154385
vmr_Master_mlimitecompra_lag3	0.00258392807926304	0.00314484555972348	0.00548729806703721
ctrx_quarter_normalizado_lag2	0.00257488215098742	0.00284136976593043	0.004203120629956
vmr_Master_mlimitecompra_lag1	0.00257459196635191	0.00300757230211724	0.00524306800231625
vm_fultimo_cierre_tend12	0.00247818644973266	0.00218135931297681	0.00441977633253105
numero_de_cliente	0.00247599350414593	0.00480557664803087	0.00466794559184429
vmr_mpagospesos_delta3	0.00246062125087019	0.0032864894451963	0.00425039096506328
vm_Fvencimiento_lag2	0.00245401872106434	0.00259596024061002	0.00524700719690852
vmr_mpagominimo_lag1	0.00244511892392464	0.00207634483576507	0.00383677553287455
cpayroll_trx_delta3	0.00243306251850651	0.00333353078247072	0.00079571730763928
vmr_mpagominimo_lag2	0.002417695617832	0.00210619152860242	0.00397070814901185
vm_fechaalta_lag3	0.00240303614700119	0.00230590224658343	0.00508943941321757
cliente_edad_lag1	0.00237574050982726	0.00324788215229564	0.00357284949519221
cprestamos_personales_lag3	0.00236318311876834	0.00327188153043284	0.000953285091330227
ctarjeta_visa_transacciones_tend12	0.00235950140708461	0.00441585779327039	0.00292682158205933
vmr_msaldopesos2_delta3	0.00235087815128437	0.00288515172981019	0.00497126357544936
ccuenta_debitos_automaticos_tend12	0.00234122541887181	0.00413609499378982	0.00144962360995671
Visa_cconsumos_lag1	0.00233212779794938	0.00234746412478314	0.00511307458077122
vmr_mpagospesos_tend12	0.00231907600765139	0.00495060875768476	0.00361618063570722
ccomisiones_otras_delta2	0.00230431112469967	0.00211808889744537	0.00599545416944052
vm_fechaalta_lag2	0.0022555362725312	0.00197440401802269	0.00446704666763833
cliente_antiguedad_lag2	0.00224632484679195	0.00311548755145914	0.0039194986193123
ctarjeta_visa_transacciones_delta3	0.00224278290146112	0.00318535106202063	0.0023635167553642
ccomisiones_otras_delta1	0.00221776441575242	0.00365598781373031	0.00468370237021339
vmr_mpagominimo_delta3	0.00218821763798489	0.00264760552845424	0.00422281660291737
ccomisiones_otras_lag3	0.00217347039154292	0.00268286224132382	0.00492399324034208
Master_fechaalta_tend12	0.00215525526589094	0.00187807286800478	0.00468764156480566
vm_Fvencimiento_tend12	0.00214042076266934	0.00222721899578738	0.00393919459227366
Master_Finiciomora_tend12	0.00212128316339303	0.0043838291393777	0.000768142945493365
vmr_Visa_mlimitecompra_lag3	0.0021121375644095	0.00202117478535782	0.00425039096506328
vmr_mconsumospesos_lag3	0.00206277834734463	0.00286447099058015	0.00444735069467697
vmr_msaldopesos_lag1	0.00205744791131443	0.00177401133928905	0.0022729152797419
tcallcenter	0.00205669715085219	0.00238128171140832	0.00239896950669466
Visa_delinquency_tend12	0.001997684179857	0.00361088003207979	0.00178839434489224
chomebanking_transacciones_tend12	0.00198676671506485	0.00427070531425346	0.00343497768446263
cproductos_tend12	0.00198228424557744	0.00451191697370527	0.00190657018266045
Visa_fultimo_cierre_lag1	0.00197042358640171	0.00122750088138685	0.00184748226377635
cprestamos_personales_lag2	0.00193261417986614	0.00374333976857647	0.000697237442832438
ctarjeta_visa_transacciones_lag3	0.00192723843332107	0.00342952129680071	0.00414797190566417
Visa_cconsumos_delta2	0.00190506418607823	0.00188325779607469	0.00405737043004187
ccajas_transacciones	0.00190196373352326	0.00290662654752482	0.0035295183546772
Visa_Fvencimiento_tend12	0.00189050160991101	0.00294113284243894	0.00358072788437676
vmr_mpagospesos_lag3	0.00187118116493264	0.00285930181372504	0.00391555942472002
vmr_msaldopesos_delta3	0.00186898141294739	0.00196385473590938	0.00378162680858272
Visa_cconsumos_delta3	0.00186521924293462	0.00203836341341576	0.00439614116497741
internet	0.0018572820083817	0.00148914967938448	0.000169385367467768
ccomisiones_otras	0.00185542700295063	0.00302890489931406	0.00313559889544984
vm_status04_delta2	0.00185159286393304	0.000853983571592794	0.000319074761974167
vmr_msaldototal_tend12	0.00184088619256373	0.00277247286605925	0.00325771392781032
vmr_msaldopesos_tend12	0.00181563843920825	0.00229248507352313	0.0032458963440335
ccaja_ahorro	0.00180960542821938	0.00621995125801075	0.000484520934849661
vmr_Visa_mlimitecompra	0.00180434839864939	0.00183813108789815	0.00373041727888316
cliente_antiguedad_lag1	0.00179003486759499	0.00295012260805459	0.00311984211708074
Visa_cconsumos_delta1	0.00178726891444812	0.00264192030085714	0.00377374841939817
cliente_edad	0.00177321036920712	0.00246323294236361	0.00292288238746706
ctransferencias_recibidas_lag3	0.00176668438645807	0.00154763519338766	0.00410857995974143
vmr_msaldopesos_lag3	0.00175596950452813	0.00166801441661137	0.00388010667338956
ctarjeta_visa_debitos_automaticos_delta3	0.00174214773514975	0.00181135101453097	0.00323407876025668
vmr_mconsumospesos_tend12	0.00173188543721497	0.00386537947066015	0.00287561205235977
vmr_Visa_mlimitecompra_tend12	0.00172750790482517	0.00412040346229606	0.00313559889544984
ctarjeta_visa_transacciones_lag2	0.00170524404137928	0.00208893962411258	0.0032301395656644
vmr_mpagominimo_delta1	0.00169495874870618	0.00247167091409597	0.00236745594995647
Master_fultimo_cierre	0.00169475106545296	0.00170650202952576	0.00371466050051406
vmr_msaldopesos2_lag2	0.0016895558382431	0.00221810213416257	0.00344285607364718
vmr_msaldototal_delta3	0.00168748578063546	0.00208614365814251	0.0034704304357931
vmr_msaldototal_lag3	0.00168447903051754	0.00179921706411279	0.00340346412772445
vmr_msaldopesos2_delta2	0.00168284418814608	0.00238947104791697	0.00324983553862577
Master_fultimo_cierre_lag3	0.00166898238286719	0.00156393999863897	0.00373435647347543
Master_fultimo_cierre_lag1	0.00166573179583777	0.00274954515545491	0.00339952493313217
vm_fultimo_cierre	0.00165242523832668	0.00289277205890638	0.00267077393356154
Master_fultimo_cierre_lag2	0.00164887373889341	0.0021307297069152	0.00362799821948404
ctransferencias_recibidas	0.00161799546130827	0.0027380894055524	0.00254471970660879
vmr_Visa_mlimitecompra_lag2	0.00160828249994607	0.00152045839413128	0.00336801137639398
vmr_mconsumospesos	0.00160751479744598	0.00226804865140047	0.00214292185819687
Master_cconsumos_lag3	0.0015739546681696	0.00189871220284788	0.00356103191141539
vmr_msaldototal_lag1	0.00156504636171988	0.00158558275271415	0.00220200977708098
vmr_Visa_mlimitecompra_lag1	0.00155453299643226	0.0017349676917797	0.00332861943047125
Visa_fultimo_cierre_lag3	0.00153908984145283	0.00145220363828139	0.00256835487416243
vmr_mpagospesos_lag1	0.00153834912836293	0.00198144602267483	0.00211928669064323
cprestamos_personales	0.00151958519017642	0.00368815269265189	0.000338770734935535
vm_status01_tend12	0.00151757295703779	0.00521091331275053	0.00136296132892669
vmr_mconsumosdolares_lag3	0.00150169149511989	0.00163373893757582	0.00328922748454851
vmr_mconsumospesos_delta3	0.00149827529100716	0.00222158079204246	0.00315529486841121
vmr_msaldopesos2_lag1	0.00149785338008358	0.0016272555370139	0.00284803769021386
ccajas_consultas_tend12	0.00149720663091875	0.00471641198739858	0.00204838118798231
cprestamos_personales_delta1	0.00148926491868494	0.0032851626664761	0.000311196372789619
vm_cconsumos_tend12	0.00148484548298114	0.00202121888458125	0.00233594239321828
cpagomiscuentas_tend12	0.00148170648831705	0.00376634882564032	0.00148901555587945
cliente_antiguedad	0.00145920491126877	0.00172198898323884	0.0025722940687547
Visa_cadelantosefectivo_tend12	0.00144388918724307	0.00263273548339443	0.00301348386308935
ctransferencias_recibidas_delta3	0.00144099635348624	0.00187724780934571	0.00344285607364718
Master_cconsumos_lag2	0.00144077917182397	0.00157890041472699	0.00343497768446263
ccajas_transacciones_delta3	0.00143515203877392	0.00190111248743901	0.00254471970660879
ccaja_ahorro_lag2	0.0014212917307419	0.00166345443992377	0.000504216907811029
vmr_mpagospesos_delta2	0.00140536989598984	0.00301778709026299	0.00267077393356154
ctarjeta_debito_transacciones_lag3	0.00139293883831128	0.00294204039651881	0.0028125849388834
ctarjeta_debito_transacciones_tend12	0.00139187484755643	0.00458147293866405	0.00250138856609378
ctransferencias_recibidas_lag2	0.00139096441482707	0.00151298268792652	0.00301348386308935
ccallcenter_transacciones_tend12	0.00138037057442169	0.00285711690715075	0.0020641379663514
ccajas_transacciones_tend12	0.00137925470601606	0.0037966897180649	0.0024383614526174
ctransferencias_emitidas_tend12	0.00137578946581505	0.00397174015448305	0.00209565152308959
tcallcenter_delta3	0.0013727360595263	0.00132257103594111	0.00180809031785361
cproductos_lag3	0.00136623334039498	0.00183306826307832	0.00170173206386222
vmr_msaldopesos_lag2	0.0013371197499998	0.00157357322435885	0.00260380762549289
Master_cconsumos_lag1	0.00133175359279395	0.00150742056630937	0.00319074761974167
vmr_mconsumospesos_lag2	0.00132670959162944	0.00197649577517147	0.00263926037682336
thomebanking_tend12	0.0013237298654098	0.00408964865134329	0.00219019219330416
ccomisiones_mantenimiento_lag3	0.00132326698132734	0.00151664016596393	0.00104782576154479
cextraccion_autoservicio_tend12	0.00131796552319543	0.00298874742783751	0.00224534091759599
tcallcenter_delta2	0.0013108961180402	0.00175264489995963	0.00156386025313264
vmr_msaldototal_lag2	0.00130023635897969	0.00171653795573357	0.00240684789587921
vmr_msaldopesos_delta2	0.00129281127724723	0.00155884571316993	0.00245017903639422
vm_fultimo_cierre_lag1	0.0012890409733616	0.00159001897582544	0.00236745594995647
ccaja_ahorro_lag3	0.00128161847639446	0.000970667965091975	0.000594818383433323
Master_cconsumos	0.00127903503802353	0.00121117629311111	0.00297803111175889
ccaja_seguridad_lag3	0.00127688289782783	0.000745372093488027	0.000303317983605072
vm_fechaalta_tend12	0.00127665228991253	0.00328648574762996	0.00240290870128694
cextraccion_autoservicio	0.00126883824873251	0.00258727532576059	0.00023635167553642
tcallcenter_tend12	0.00125683171011088	0.00363191747156565	0.00197353649072911
ctarjeta_visa_debitos_automaticos_lag3	0.00125548575099134	0.00173339208982394	0.00246199662017104
ctarjeta_debito_transacciones_lag2	0.00125333446791538	0.00194482731019888	0.00220200977708098
vmr_msaldototal_delta2	0.00124833657810437	0.00157255269604862	0.00244230064720967
Visa_fultimo_cierre_lag2	0.00122110643795194	0.00160082265885913	0.00209565152308959
tcallcenter_lag3	0.00120588475129908	0.00130194634513194	0.0025132061498706
cproductos_delta1	0.00119027500852248	0.00268029097040215	0.000362405902489177
vmr_msaldopesos2	0.00117426293663774	0.00130513003331272	0.00210352991227414
ctarjeta_debito_transacciones_delta2	0.00116120081047634	0.00213476170455357	0.00139447488566488
Visa_fultimo_cierre	0.00114001947603142	0.00131995836063251	0.00203656360420548
ccajas_depositos_tend12	0.00113343863150539	0.00586477371014851	0.00157173864231719
ctransferencias_recibidas_lag1	0.00111797600119611	0.00111428342636238	0.00230836803107237
vm_fultimo_cierre_lag2	0.00111079793597687	0.00134530323511387	0.002288672058111
ctarjeta_visa_transacciones_lag1	0.00107801351458311	0.00311987622846313	0.00114630562635164
ctarjeta_visa_debitos_automaticos_lag2	0.00105824193382976	0.00153898612613056	0.00194990132317546
vm_status05_delta1	0.00105738037656129	0.000784446762952284	0.000165446172875494
catm_trx_tend12	0.0010439008716232	0.00328903238899955	0.00195384051776774
vmr_mconsumosdolares_tend12	0.00103882848591899	0.00437013475329282	0.00202474602042866
vmr_mconsumospesos_lag1	0.00102918991679295	0.0014021012383314	0.00204838118798231
ctransferencias_recibidas_delta2	0.00102821430591573	0.0019155496665544	0.00233988158781056
cproductos	0.0010256423777206	0.00135502942224742	0.000185142145836862
Master_cconsumos_delta2	0.00101791100576757	0.00121901429814671	0.0024383614526174
ccajas_extracciones_tend12	0.00100399942033206	0.00307356987128244	0.00165052253416267
vmr_mconsumospesos_delta2	0.000997884324977981	0.00320003929962355	0.00216655702575052
ctarjeta_visa_debitos_automaticos_delta2	0.000990275521283928	0.000944077115204577	0.00180021192866906
ctarjeta_master_delta3	0.000987116143871261	0.000259656164873094	0.00023635167553642
ccomisiones_mantenimiento_delta1	0.000985701528330063	0.00505908513883173	0.000496338518626482
Master_cconsumos_delta1	0.000963996170553336	0.00143769221537629	0.00236745594995647
catm_trx_other_tend12	0.000963250062512873	0.00322144866832491	0.00151265072343309
ctarjeta_debito_tend12	0.000958941663723049	0.00457429360180215	0.00105570415072934
vmr_msaldopesos2_delta1	0.000958632825083521	0.00162350986052963	0.0022138273608578
Master_cconsumos_delta3	0.000936549118928713	0.00156606712290535	0.00222170575004235
cliente_edad_tend12	0.000935395390433963	0.00215406471385264	0.0017056712584545
vmr_mconsumosdolares_lag2	0.000925551050617112	0.00149540335035851	0.00196959729613683
vmr_mconsumospesos_delta1	0.000916871038231599	0.00197030943332919	0.00139447488566488
vmr_mpagospesos_delta1	0.000902301016258823	0.00298083066672785	0.00205625957716685
ctarjeta_visa_debitos_automaticos_lag1	0.000888317546160979	0.00171108981107664	0.0016899144800854
vm_cconsumos_lag3	0.000882409908426141	0.00151202234429781	0.00174112400978496
thomebanking_delta2	0.000878331999659239	0.00134452242190967	0.0016899144800854
ctransferencias_recibidas_delta1	0.000868960542852622	0.00129642412380694	0.00183172548540725
vmr_msaldopesos_delta1	0.000867783624464848	0.00134419137482599	0.00190657018266045
vmr_msaldototal_delta1	0.000865550188134142	0.00122321669718987	0.00193414454480637
cforex_sell_tend12	0.000840725352800166	0.00463602954819211	0.000929649923776585
ctarjeta_visa_debitos_automaticos	0.000826481573105479	0.00174397784623574	0.00151265072343309
vm_fultimo_cierre_delta2	0.000808119786727101	0.00133691675773762	0.000724811804978354
Visa_status_tend12	0.000804760821374361	0.00331157421573124	0.00111085287502117
ctarjeta_master_transacciones_tend12	0.000800803015583958	0.00257966644449692	0.00101631220480661
vm_cconsumos_delta3	0.000795633850363508	0.00157537715625874	0.00113448804257482
vmr_Master_mlimitecompra_delta3	0.000788771023309489	0.00231226356478546	0.00150871152884081
Master_status_tend12	0.000785862980350545	0.00167538065814026	0.001166001599313
cplazo_fijo_tend12	0.000783500961772123	0.00321363197129873	0.000555426437510587
vmr_mconsumosdolares_delta3	0.000779742560288787	0.00180640183242808	0.00154810347476355
ctarjeta_debito_transacciones_delta3	0.000775493377758989	0.00132596157893497	0.00154810347476355
ccaja_seguridad_lag1	0.000771489618757158	0.00252112183210289	0.000275743621459156
vm_cconsumos_delta2	0.000769930025049751	0.00129716138093305	0.000586939994248776
ccaja_seguridad_lag2	0.000764427580679382	0.000804205345848944	0.000149689394506399
vmr_mconsumosdolares_lag1	0.000760188102969507	0.00161645507107184	0.00161113058823993
cextraccion_autoservicio_delta2	0.000747081617643022	0.00172232704943151	0.000858744421115659
ctarjeta_debito_lag3	0.000737114119572697	0.00147950519384394	0.00120933273982802
tcallcenter_delta1	0.000734993508295468	0.00120159094774182	0.000815413280600648
internet_delta3	0.000732871046093783	0.000997348016156084	0.000984798648068416
vmr_msaldodolares_tend12	0.000732695686476124	0.00427483167294926	0.00105964334532162
vm_cconsumos	0.00071673404750299	0.000451171237503437	0.000342709929527809
Visa_cadelantosefectivo_lag1	0.000714987776282735	0.0008307685371045	0.00157173864231719
vmr_mpagado_tend12	0.000696450678433523	0.00317689171960823	0.00115418401553618
cextraccion_autoservicio_lag3	0.000690809341208523	0.0012966038422433	0.00134720455055759
vmr_mconsumosdolares	0.000688254755961352	0.00183067656436158	0.00136296132892669
thomebanking_delta1	0.000682420556828834	0.0015680617823798	0.00113054884798254
cextraccion_autoservicio_delta3	0.000678986190041392	0.00124207347081313	0.000992677037252963
active_quarter_lag1	0.000671344440095128	0.000576786883153172	0.00107540012369071
cproductos_lag2	0.000669253447429206	0.00125806563325163	0.000622392745579239
vmr_msaldodolares2_tend12	0.000654963343231657	0.00299954624345336	0.00105570415072934
cplazo_fijo	0.000645236063492061	0.00354537927377748	0.000259986843090062
Visa_fultimo_cierre_delta1	0.000628269104081032	0.000448602598747646	0.00126054226952757
ctarjeta_master_transacciones_delta3	0.000627250697437827	0.00224889657383483	0.000779960529270185
vm_status01_lag1	0.000609393650909761	0.00182252102820513	0.000547548048326039
vmr_Master_mlimitecompra_delta2	0.000598373642131501	0.00170755523011711	0.00112267045879799
vm_Fvencimiento_delta1	0.000589012369475855	0.000716779648578011	0.000464824961888292
cforex_tend12	0.00057807996142353	0.00232743175485558	0.000945406702145679
cplazo_fijo_lag1	0.000574291434155202	0.00200672730737121	0.000220594897167325
ccomisiones_mantenimiento	0.000566342652381036	0.00471895530722553	0.000366345097081451
vmr_mpagosdolares_tend12	0.000559165160666383	0.0025489542704532	0.00091389314540749
vmr_msaldodolares2_lag3	0.000546755748819789	0.00250086522671143	0.00105570415072934
ctarjeta_visa_transacciones_delta1	0.000540315345842195	0.00433877143154932	0.000673602275278797
ctarjeta_visa_debitos_automaticos_delta1	0.000538802177480715	0.000891714457709715	0.00112267045879799
vm_status04_delta1	0.000529991784889324	0.000828329104268605	0.000149689394506399
ctarjeta_master_transacciones_lag3	0.000505061627391986	0.00167164081002327	0.000937528312961132
Master_status_delta1	0.000504434747666194	0.000256737385385955	0.000342709929527809
vm_status05_tend12	0.000499804502414579	0.0016856735547637	0.00044118979433465
ccallcenter_transacciones_delta2	0.00049831672029946	0.00131014742193598	0.000618453550986965
catm_trx	0.000489010106395076	0.000236181298011045	2.75743621459156e-05
ctarjeta_debito_transacciones_delta1	0.000479832112412364	0.00390448902676729	0.00063421032935606
ctarjeta_master_descuentos_delta1	0.000473233103939823	0.00138364766656101	0.000842987642746564
vm_status02_delta2	0.000451254360908672	0.0010818903846183	0.000835109253562017
ctarjeta_master_debitos_automaticos_tend12	0.000447154336236713	0.00309149141130378	0.000598757578025597
vm_status02_delta1	0.000445315354416945	0.000551020381657858	0.000575122410471955
cpagomiscuentas_delta2	0.000443745895369162	0.00155132400673306	0.000216655702575052
ccheques_depositados_tend12	0.000443514296732984	0.00407391864009133	0.000732690194162902
vm_cconsumos_lag2	0.000434256804623174	0.000834438591045518	0.000807534891416101
ccomisiones_mantenimiento_delta2	0.000414843515417841	0.00289179425106602	0.000366345097081451
catm_trx_lag3	0.000412239175535935	0.00154409359331915	0.000850866031931111
catm_trx_delta2	0.000410091712944051	0.0010852964281445	0.000508156102403303
cpagomiscuentas	0.000407425286826347	0.00307436603878755	0.00023635167553642
vmr_Visa_mlimitecompra_delta2	0.000402181927774374	0.00133067944379436	0.000720872610386081
Visa_status_lag2	0.00039982367510443	0.000758042504378794	0.000311196372789619
cproductos_lag1	0.000390917261075501	0.00190850337941018	0.000496338518626482
vmr_mpagado_delta3	0.000386973832863344	0.00167341190252041	0.000669663080686523
ctarjeta_master_transacciones_lag2	0.00038288931563014	0.00115111281655897	0.000661784691501976
ccallcenter_transacciones_delta3	0.000363510122563054	0.00116396628831894	0.000665723886094249
ctransferencias_emitidas_delta3	0.000362359598726623	0.00167002603893254	0.000563304826695134
vm_cconsumos_lag1	0.000361709281991532	0.00126549648818557	0.000594818383433323
vmr_mpagado_lag3	0.000357185230646126	0.000869873539146879	0.000716933415793807
vmr_Visa_mlimitecompra_delta1	0.000355633804348045	0.00282386306360631	0.000638149523948334
vm_Finiciomora_lag2	0.000354602593603958	0.0026370651873488	0.000476642545665113
catm_trx_lag2	0.000350132141811027	0.00112414916006745	0.000661784691501976
vmr_msaldodolares2_lag2	0.000344321256483601	0.0016655837158813	0.000638149523948334
ccajeros_propios_descuentos_delta3	0.000343173635205413	0.00121941422023734	0.000779960529270185
cliente_edad_delta3	0.000341305251925139	0.000555693562368079	0.000657845496909702
vm_status02_lag1	0.000338869106993899	0.00113052967636817	0.000551487242918313
ccuenta_debitos_automaticos_delta2	0.0003308176242456	0.00160880973639989	0.00019302053502141
vmr_mconsumosdolares_delta2	0.000329491185485414	0.00206637053566295	0.000736629388755175
ccajas_consultas_delta2	0.000327407843648156	0.00106595333054143	0.00032301395656644
ctarjeta_visa_descuentos_delta2	0.000326575212020986	0.000409070768030193	0.000630271134763786
ccomisiones_mantenimiento_lag1	0.000325186801692992	0.00247104303808491	0.000346649124120082
vmr_msaldodolares2_delta3	0.000315156520383489	0.00264228356063743	0.00070905502660926
vmr_mpagado_delta2	0.000308452362586607	0.00171792174382409	0.000527852075364671
ctarjeta_visa_descuentos_tend12	0.000306038135722616	0.00290992586299204	0.000531791269956945
ccuenta_debitos_automaticos_lag3	0.000292465831533802	0.000673140469251601	0.000437250599742377
vmr_mpagado_lag1	0.00029185316258341	0.000797570762871137	0.000480581740257387
ccuenta_debitos_automaticos	0.000291583045399949	0.00345000134382826	0.000259986843090062
ctransferencias_emitidas_lag3	0.000282381289381337	0.000977873874295044	0.000523912880772397
vmr_msaldodolares_delta3	0.000279601366679728	0.00109677396653116	0.000500277713218755
ccomisiones_mantenimiento_lag2	0.000278565718663715	0.00101003988128771	0.00035452751330463
Master_status_delta2	0.000277657693386404	0.000188202826126024	0.000389980264635093
ccajas_depositos_lag1	0.000276109592156153	0.00155990547328575	0.000181202951244589
ccajeros_propios_descuentos_tend12	0.000269738473234279	0.00222887258087959	0.000456946572703745
vm_status03_delta2	0.000263426162202909	0.000926939897941934	0.000212716507982778
ccajas_consultas_delta1	0.000261158988255063	0.00190558144550203	0.000228473286351873
cpagomiscuentas_delta3	0.000256368877477807	0.0011469209879597	0.000370284291673724
ctarjeta_debito_delta2	0.000248397865498671	0.00219043675478419	0.000267865232274609
vmr_mpagosdolares_lag3	0.000248210259676743	0.00106530629821209	0.000504216907811029
ctransferencias_emitidas_delta1	0.000246862756775446	0.00264243616358728	0.00035452751330463
vmr_mpagado_lag2	0.000246170390937239	0.00140180303065048	0.000437250599742377
ctarjeta_debito_delta3	0.000239047297321731	0.000939655180993725	0.000267865232274609
vmr_mconsumosdolares_delta1	0.000236693821386293	0.000925786549706284	0.000476642545665113
ctarjeta_debito_lag2	0.000233777110558834	0.000547422294474162	0.000315135567381893
cseguro_accidentes_personales_tend12	0.000218183707295553	0.00295691764869945	0.000409676237596461
vmr_mpagado_delta1	0.000217337816542852	0.00148134440930061	0.000417554626781008
cseguro_vida_tend12	0.000210696636453392	0.00252987482813146	0.000425433015965556
Visa_Fvencimiento_delta2	0.000206943784932014	0.000343782463115979	0.000291500399828251
tcuentas_tend12	0.000205543218243274	0.00265091508012207	0.00035452751330463
active_quarter_tend12	0.000203893886121198	0.00320910061419242	0.00047270335107284
cprestamos_prendarios_lag3	0.000193404780292807	0.00178570611492082	0.000299378789012798
vmr_msaldodolares_lag2	0.000190839491135438	0.00093353088306124	0.000366345097081451
ccallcenter_transacciones_delta1	0.00018884435311142	0.00228795143938444	0.000315135567381893
vmr_msaldodolares2	0.000187348702708544	0.00106481262088	0.000362405902489177
ctarjeta_master_transacciones_delta1	0.000185284223085702	0.00196843380624464	0.000248169259313241
cextraccion_autoservicio_lag1	0.000168138199731537	0.00162690324459141	0.000307257178197346
cpagomiscuentas_lag1	0.000162634908679616	0.00219040535680559	0.000275743621459156
vmr_mpagosdolares_lag1	0.000162096032567172	0.0014734038542471	0.000326953151158714
vm_status03_tend12	0.000159944032030615	0.00167885760302332	0.000307257178197346
cinversion2_lag2	0.000151884239826862	0.00224480602095094	0.000208777313390504
ctransferencias_emitidas_lag2	0.000149841427035251	0.000789816067974343	0.000240290870128694
cpagomiscuentas_delta1	0.000139639058814573	0.00158363194178066	0.000185142145836862
vm_cconsumos_delta1	0.000139497214781687	0.000689677385574204	0.000208777313390504
ccajas_extracciones_delta2	0.000136857772478476	0.00137958652708622	0.000295439594420525
ctransferencias_emitidas_lag1	0.000134639228100604	0.00119430243866692	0.000204838118798231
cpagomiscuentas_lag2	0.000126762109555427	0.00103771961223715	0.000216655702575052
ccuenta_debitos_automaticos_lag1	0.00012495713443353	0.00119403180605701	0.000149689394506399
ccajas_otras_delta1	0.000121431278995579	0.00146302819063019	0.000165446172875494
internet_delta1	0.000101269952886062	0.00159214689391962	0.000208777313390504
ctarjeta_debito_lag1	9.85602991024884e-05	0.000808593291695743	0.00019302053502141
vmr_msaldodolares2_delta2	9.44231291713782e-05	0.00099594442415092	0.000212716507982778
catm_trx_lag1	9.16942968281846e-05	0.0005963340362818	0.000173324562060041
ctarjeta_master_transacciones	8.63488134418777e-05	0.00321160455598234	0.000263926037682336
cforex_delta2	8.17226362169718e-05	0.000950183531121309	0.000137871810729578
catm_trx_other_delta1	7.8505887645849e-05	0.00101313192413777	0.00011817583776821
vmr_mpagosdolares_delta1	7.66058368937143e-05	0.000410889928889763	0.000141811005321852
ccajas_consultas	6.47354420637415e-05	0.000834731450833882	6.30271134763786e-05
vmr_mpagosdolares	5.24415745922198e-05	0.000430000163374149	0.00011817583776821
Master_Finiciomora_lag2	4.4989482043029e-05	0.00136843364338042	0.000133932616137305
cforex_lag2	3.90818444940064e-05	0.000490372564282542	7.48446972531996e-05
ccallcenter_transacciones_lag1	3.90121734164773e-05	0.00031205084705271	7.48446972531996e-05
ctarjeta_debito	3.11115655081506e-05	0.00168867238551762	0.000133932616137305
ccajas_otras	2.96530950507337e-05	0.00233883446452678	0.000173324562060041
ctransferencias_emitidas	1.99831114095109e-05	0.000897945734383637	7.48446972531996e-05
catm_trx_other_lag1	1.52051169058582e-05	0.000176813590637253	3.5452751330463e-05
ctarjeta_master_debitos_automaticos_delta1	1.51868564187763e-05	0.000204517115530545	2.75743621459156e-05
ccallcenter_transacciones	3.30119738851164e-06	0.000190763338591947	1.57567783690947e-05
